SigmaEL	SigmaET	SigmaAlphaL	SigmaAlphaT	SigmaAlphaBarL	SigmaAlphaBarT	SigmaKappaL	SigmaKappaT	basis_angle	rhoH	S	Ttt	Txx	Tyy	rho	EInternal	T	Ax	Ay	Gx	Gy	mu	Q
1157.7358960638344	5.508176727122942e-09	24.056977321888525	1.1478911295416668e-10	24.056977321925995	1.1454855142242474e-10	0.5030575566827651	2.386554880913393e-12	0.0	0.007211396880282164	0.6192331649475168	1.8757614310866848	2.1736107468603536	-4.049372177947038	0.7418698329401936	-1.8757614310866848	0.02	0.2	0.2	0.19999999999999998	0.19999999999999998	83.12406323694964	47.49430483234583
530.9157624989843	6.730023069948443e-08	10.857582135079841	1.3786442081487595e-09	10.85758213533515	1.4095161016337184e-09	0.22530226869008516	2.8859745147202376e-11	0.0	0.00745012225417214	0.6256968801165737	4.472854248127792	4.7707210498690715	-9.243575297996863	0.9378512355081119	-4.472854248127792	0.02	0.3	0.3	0.19999999999999998	0.19999999999999998	83.12406323694964	47.49430483234583
311.98729479211636	6.656367607170248e-10	6.24704387202443	1.3734193318703036e-11	6.247043873290249	1.244897366199018e-11	0.12844629187917614	2.561109031694756e-13	0.0	0.007779171045646239	0.6348711007966924	8.122011580019022	8.419915406493049	-16.54192698651207	1.2079283001462284	-8.122011580019022	0.02	0.4	0.4	0.19999999999999998	0.19999999999999998	83.12406323694964	47.49430483234583
210.733921120704	1.9020680802151e-09	4.115331644767237	3.9029574062426125e-11	4.115331649063622	3.8458266148625954e-11	0.0838319998931463	7.888787119161105e-13	0.0	0.008192956074373838	0.646653106150081	12.846691443040367	13.144665044845556	-25.99135648788592	1.5474428011824481	-12.846691443040367	0.02	0.5	0.5	0.19999999999999998	0.19999999999999998	83.12406323694964	47.49430483234583
155.5070706539737	7.528287200309893e-10	2.9538866536962556	1.4775985376897885e-11	2.953886665061376	1.4606314329208904e-11	0.059681135038698	2.866736980183223e-13	0.0	0.008684520145719347	0.6607615939671814	18.6867642665322	18.984854995735365	-37.67161926226757	1.9505712673370725	-18.6867642665322	0.02	0.6	0.6	0.19999999999999998	0.19999999999999998	83.12406323694964	47.49430483234583
121.77552579871718	4.696339822156956e-10	2.245855490644643	9.619831165941351e-12	2.245855516152645	9.775503028661244e-12	0.04509736122897354	1.9953685922192913e-13	0.0	0.00924610755279203	0.6767973401921619	25.699883259489688	25.99815156768542	-51.69803482717511	2.4107838877253824	-25.699883259489688	0.02	0.7	0.7	0.19999999999999998	0.19999999999999998	83.12406323694964	47.49430483234583
99.29346608973265	2.6034020358473237e-10	1.7750790603965596	4.685634943558946e-12	1.7750791118192988	5.024026780130758e-12	0.03552450086639751	9.128813369183981e-14	0.0	0.009869399669703242	0.6943419011456314	33.96232262890011	34.26083947862742	-68.22316210752753	2.921028381656745	-33.96232262890011	0.02	0.8	0.8	0.19999999999999998	0.19999999999999998	83.12406323694964	47.49430483234583
83.13092215678114	6.517772812349859e-12	1.4373074658470042	1.3397397314793638e-13	1.4373075624415799	5.502725858490298e-13	0.028776902468194168	9.607378266328324e-15	0.0	0.010545169562806895	0.7130913105322235	43.57263211564789	43.871478145508284	-87.44411026115618	3.4734383667058624	-43.57263211564789	0.02	0.9	0.9	0.19999999999999998	0.19999999999999998	83.12406323694964	47.49430483234583
70.65483374073546	2.077429712426409e-10	1.176096485554708	3.228659803078422e-12	1.176096658213896	3.9925672400817864e-12	0.023691049576010408	6.215654177877995e-14	0.0	0.011262463879793424	0.7331562052948399	54.66117363514538	54.96044238483519	-109.62161601998058	4.0586577733051765	-54.66117363514538	0.02	1.0	1.0	0.19999999999999998	0.19999999999999998	83.12406323694964	47.49430483234583
60.544228206346354	2.803697479801352e-10	0.9596232459641674	4.986676524344576e-12	0.959623538765237	5.1838634555626136e-12	0.019610610242523845	9.29848711145795e-14	0.0	0.012007996126077853	0.7559442751510508	67.40665851200245	67.70646587116053	-135.11312438316298	4.665340717440278	-67.40665851200245	0.02	1.1	1.1	0.19999999999999998	0.19999999999999998	83.12406323694964	47.49430483234583
53.04519062435173	3.148894366826818e-11	0.7832789470937105	6.535414644620795e-13	0.7832793845641836	6.23045125218167e-13	0.016291672531123735	1.2625837628314516e-14	0.0	0.012767662198701929	0.7857430129081907	82.052053709114	82.35254363808637	-164.4045973472004	5.2813636129433315	-82.052053709114	0.02	1.2	1.2	0.19999999999999998	0.19999999999999998	83.12406323694964	47.49430483234583
41.32400542024129	2.4742923136799114e-09	0.42071068686502167	3.090185583328968e-11	0.42071159998738605	5.782580757767499e-11	0.009161244447302697	7.242729807647751e-13	0.0	0.017537431867112346	1.0699249530870123	227.34424604463078	227.65117598525904	-454.9954220298898	9.059481665737927	-227.34424604463078	0.02	1.8	1.8	0.19999999999999998	0.19999999999999998	83.12406323694964	47.49430483234583
40.333275267078186	1.0834930337915577e-10	0.3688743685701251	3.862954525842656e-12	0.36887511226422687	4.651276227174929e-12	0.008224352656202319	1.8204657372962171e-13	0.0	0.019230264383430635	1.1802221707247855	308.233560294846	308.54309064883535	-616.7766509436813	10.343954391604854	-308.233560294846	0.02	2.0	2.0	0.19999999999999998	0.19999999999999998	83.12406323694964	47.49430483234583
39.87956626350102	2.1842894788910716e-11	0.3291753269198166	4.4585848858494493e-13	0.32917549410788993	4.946685409252246e-13	0.0075262742860341065	6.027476241321224e-15	0.0	0.020987598721887758	1.2955106138654395	413.5991787777772	413.9113467774204	-827.5105255551977	11.634675863792735	-413.5991787777772	0.02	2.2	2.2	0.19999999999999998	0.19999999999999998	83.12406323694964	47.49430483234583
39.80377253043025	6.10994836539383e-11	0.2978918673494631	1.2076613131765258e-14	0.2978911601204443	1.5546127173167518e-12	0.0069884972924220985	1.5749906378070294e-17	0.0	0.022821661698942963	1.414970365946827	549.8039906424598	550.1187656545276	-1099.9227562969872	12.929136277532763	-549.8039906424598	0.02	2.4	2.4	0.19999999999999998	0.19999999999999998	83.12406323694964	47.49430483234583
40.00463510107118	3.435917831718163e-11	0.2726989083197184	5.563355639171761e-13	0.2726959205982094	9.849545861979626e-13	0.006563011530229969	1.4804144898654748e-14	0.0	0.02474733745443123	1.5380321283042206	723.8338579185526	724.1511749764711	-1447.9850328950238	14.225253448076446	-723.8338579185526	0.02	2.6	2.6	0.19999999999999998	0.19999999999999998	83.12406323694964	47.49430483234583
40.41308413887829	7.70751433732059e-11	0.2520405741391315	7.995137295397821e-14	0.25203528127660624	1.8904681963826773e-12	0.006218429363838717	4.404205332044526e-15	0.0	0.026782355872411266	1.664278796601583	942.9064007856108	943.2261887078389	-1886.1325894934498	15.521328219978358	-942.9064007856108	0.02	2.8	2.8	0.19999999999999998	0.19999999999999998	83.12406323694964	47.49430483234583
40.982407131335464	1.3473617946173355e-10	0.2348209300939757	8.059094936013816e-13	0.23481237130102145	4.108144565232285e-12	0.005933157105121317	2.4085487259692458e-14	0.0	0.028947439154662045	1.7933971193038243	1213.9551190610289	1214.2773259003927	-2428.2324449614216	16.816082352562983	-1213.9551190610289	0.02	3.0	3.0	0.19999999999999998	0.19999999999999998	83.12406323694964	47.49430483234583
41.31436193633412	7.973387812086792e-10	0.22725214168916727	3.461606695310168e-12	0.22723967148637572	2.3797960037813353e-11	0.005807927972468807	1.0424890864732912e-13	0.0	0.030086100349609488	1.8589622013007614	1370.901749003198	1371.2251558580324	-2742.1269048612303	17.46269476856361	-1370.901749003198	0.02	3.1	3.1	0.19999999999999998	0.19999999999999998	83.12406323694964	47.49430483234583
41.67261490836926	3.4610439514359825e-12	0.2202672002615295	3.051563056459309e-13	0.22024864598341373	1.4233728649882298e-13	0.005692226985000814	7.776665952731338e-15	0.0	0.03126649046044029	1.9251588358521283	1542.9762406131267	1543.3008473773195	-3086.277087990446	18.108720840808886	-1542.9762406131267	0.02	3.2	3.2	0.19999999999999998	0.19999999999999998	83.12406323694964	47.49430483234583
42.0552394524835	1.3293723760687826e-12	0.21379064933785008	2.9182124992493253e-13	0.21376443040684645	4.9940043077915525e-14	0.0055846948811372294	7.861813423158157e-15	0.0	0.032492083741223636	1.9919539160218682	1730.6517619014044	1730.9775740014093	-3461.629335902814	18.75414276807293	-1730.6517619014044	0.02	3.3	3.3	0.19999999999999998	0.19999999999999998	83.12406323694964	47.49430483234583
42.46110871063801	4.3334417651474944e-11	0.2077545254104455	9.887206611333145e-14	0.20772056033973144	1.1922343112764647e-12	0.005484155504610607	2.2092971458666623e-15	0.0	0.03376655010272184	2.059316071962335	1934.2376972848508	1934.5647263642581	-3868.8024236491083	19.39896769201563	-1934.2376972848508	0.02	3.4	3.4	0.19999999999999998	0.19999999999999998	83.12406323694964	47.49430483234583
42.88872341614113	4.4747064126965386e-11	0.20210101159392402	4.55681207493844e-13	0.2020608511955229	1.2129374271341022e-12	0.0053896472176063245	1.0308991742115524e-14	0.0	0.0350937822713175	2.127219865919089	2153.8499964632365	2154.178260539298	-4308.028257002535	20.04322061608181	-2153.8499964632365	0.02	3.5	3.5	0.19999999999999998	0.19999999999999998	83.12406323694964	47.49430483234583
43.3354586759714	7.558062476657051e-11	0.19678362874176916	1.5765251864489588e-12	0.1967394516292754	1.5231958794028444e-12	0.005300419618459877	3.499982805153692e-14	0.0	0.03647794494277554	2.195646907222977	2389.381612715134	2389.7111357679364	-4779.09274848307	20.68693728953945	-2389.381612715134	0.02	3.6	3.6	0.19999999999999998	0.19999999999999998	83.12406323694964	47.49430483234583
43.797582335675784	3.139093585763364e-12	0.1917662005369878	1.8706972622980156e-13	0.1917189835107321	3.3802706951462346e-15	0.005215889164447058	4.9951671638102234e-15	0.0	0.03792354760348522	2.2645832203691048	2640.473886942311	2640.804698177055	-5281.278585119366	21.33015719482302	-2640.473886942311	0.02	3.7	3.7	0.19999999999999998	0.19999999999999998	83.12406323694964	47.49430483234583
44.27114590682014	6.326411421640754e-11	0.18701938572970125	4.0039219777287687e-13	0.18696716718854428	6.19123871975844e-13	0.005135566014666581	1.8495814699939294e-15	0.0	0.03943554349415958	2.3340132290749085	2906.48975881311	2906.8218918786424	-5813.311650691752	21.972916570838194	-2906.48975881311	0.02	3.8	3.8	0.19999999999999998	0.19999999999999998	83.12406323694964	47.49430483234583
44.75340597806765	4.399696557598476e-11	0.18251578966433776	6.843194760831458e-13	0.18245316607951606	2.3113893457263988e-12	0.005058981681901661	6.48324730637237e-14	0.0	0.04101945911996093	2.4039126957877053	3186.4896385649545	3186.823131081029	-6373.312769645983	22.615241136236058	-3186.4896385649545	0.02	3.9	3.9	0.19999999999999998	0.19999999999999998	83.12406323694964	47.49430483234583
45.24384336750468	7.069790727235598e-11	0.1782262490143569	6.476412121373826e-13	0.17814569957634813	1.5245263986083045e-12	0.004985654316620509	2.878777192677867e-14	0.0	0.0426815634386181	2.4742447922871307	3479.210649396735	3479.5455431157397	-6958.756192512474	23.257138099160528	-3479.210649396735	0.02	4.0	4.0	0.19999999999999998	0.19999999999999998	83.12406323694964	47.49430483234583
45.744043014135954	3.2961909026893443e-11	0.1741192372901918	1.6767148929311843e-13	0.17401375476012657	5.304432137499792e-13	0.004915102939328541	1.2698369784473676e-15	0.0	0.04442908981675179	2.5449613301529457	3783.049750303582	3783.386091726914	-7566.435842030496	23.89858802107707	-3783.049750303582	0.02	4.1	4.1	0.19999999999999998	0.19999999999999998	83.12406323694964	47.49430483234583
46.25673855430743	4.222616874216545e-11	0.17016254724367688	1.6524327296097367e-13	0.17002843956556005	1.2511806445012281e-12	0.00484688440497139	4.3685452273526755e-15	0.0	0.04627052192061837	2.616006500768204	4096.050991094728	4096.388831867092	-8192.43982296182	24.539538381412225	-4096.050991094728	0.02	4.2	4.2	0.19999999999999998	0.19999999999999998	83.12406323694964	47.49430483234583
46.78484205396592	5.835933548480748e-11	0.16632519096747383	5.293184141982388e-13	0.1661642523009175	1.2837965602719954e-12	0.004780623292770107	1.457772162789556e-15	0.0	0.04821595081061997	2.687319306229447	4415.896874602661	4416.2362712820795	-8832.133145884742	25.179900550433356	-4415.896874602661	0.02	4.3	4.3	0.19999999999999998	0.19999999999999998	83.12406323694964	47.49430483234583
47.33086281626836	1.2240811744215416e-11	0.162578608895695	1.1022953956745318e-13	0.1623994386815068	3.451344108177303e-13	0.0047160273009968995	2.426258359176233e-15	0.0	0.050277512011398504	2.758833370004223	4739.903543475739	4740.244556882203	-9480.148100357943	25.819550618109638	-4739.903543475739	0.02	4.4	4.4	0.19999999999999998	0.19999999999999998	83.12406323694964	47.49430483234583
47.89661739755265	2.2984407346132718e-11	0.1588974585741276	8.415431455135134e-14	0.1587159794800022	1.289971869798704e-12	0.004652894349394041	6.019682003774097e-15	0.0	0.05246991900393325	2.8304748444621075	5065.019305356751	5065.361999886849	-10130.381305243598	26.45833354243033	-5065.019305356751	0.02	4.5	4.5	0.19999999999999998	0.19999999999999998	83.12406323694964	47.49430483234583
48.48296383040935	1.3459337594098897e-11	0.15526059312641563	5.753810666199323e-14	0.15509979108083108	3.890644666835728e-13	0.004591117524299854	2.469207287180013e-15	0.0	0.05481112133701255	2.9021594740031955	5387.825910573834	5388.170353705173	-10775.996264279009	27.096069674091922	-5387.825910573834	0.02	4.6	4.6	0.19999999999999998	0.19999999999999998	83.12406323694964	47.49430483234583
49.08926415773759	5.010746646164771e-11	0.15165301506725254	6.766027482502245e-14	0.15154162760694875	2.4686555476645217e-12	0.0045306925307880865	3.818519453733844e-15	0.0	0.057323131509440246	2.9737896924986162	5704.542076619794	5704.888338683583	-11409.430415303377	27.732562449074067	-5704.542076619794	0.02	4.7	4.7	0.19999999999999998	0.19999999999999998	83.12406323694964	47.49430483234583
49.712177609789535	1.4766412767021342e-10	0.14807015631048626	7.189751313981385e-13	0.1480392355636336	4.2265976619374045e-12	0.004471735110092166	2.2008006681128366e-14	0.0	0.06003308676989197	3.045252789215099	6011.029137625496	6011.3772919361645	-12022.40642956166	28.367605602928936	-6011.029137625496	0.02	4.8	4.8	0.19999999999999998	0.19999999999999998	83.12406323694964	47.49430483234583
50.34332614665604	4.871274932906344e-11	0.14452644269392084	2.502381135506121e-13	0.14460119407572533	4.951482051976473e-13	0.00441451612547806	3.087655901877204e-16	0.0	0.06297464146138444	3.116420963842117	6302.799618848292	6303.149742084249	-12605.94936093254	29.000987727619325	-6302.799618848292	0.02	4.9	4.9	0.19999999999999998	0.19999999999999998	83.12406323694964	47.49430483234583
50.96694382460156	2.8834342465783314e-11	0.1410660451041538	1.0087270154983357e-13	0.14125024262975855	7.812554959383546e-13	0.004359480618101552	3.0822776102774523e-15	0.0	0.0661898158767563	3.1871463529742057	6575.031468190242	6575.383638940299	-13150.41510713054	29.63249273994508	-6575.031468190242	0.02	5.0	5.0	0.19999999999999998	0.19999999999999998	83.12406323694964	47.49430483234583
51.56513250312669	3.8958417947817375e-10	0.13775347446342237	1.609610917586446e-12	0.13801525000482726	8.573571795388057e-12	0.004307077993305857	3.1575379308117125e-14	0.0	0.06973143039826446	3.257215956475673	6822.5946046421595	6822.948893804363	-13645.543498446521	30.26189894133836	-6822.5946046421595	0.02	5.1	5.1	0.19999999999999998	0.19999999999999998	83.12406323694964	47.49430483234583
52.134653236263674	1.0237277833172881e-10	0.134625709625727	2.7589030936612383e-12	0.13490965296178292	5.929325563913029e-12	0.0042573718677125765	2.767910679506504e-13	0.0	0.07366627261837462	3.326253994419624	7040.104561263253	7040.461021892534	-14080.565583155787	30.888970477073663	-7040.104561263253	0.02	5.2	5.2	0.19999999999999998	0.19999999999999998	83.12406323694964	47.49430483234583
52.689390978494274	2.5567057477214605e-11	0.1316755947990229	1.2074481370625125e-13	0.13193167023155028	1.3469886209656708e-12	0.004210016945568746	4.601570391141629e-15	0.0	0.07807928513519019	3.393690855971198	7222.0340857669	7222.392766178093	-14444.426851944994	31.513403648471602	-7222.0340857669	0.02	5.3	5.3	0.19999999999999998	0.19999999999999998	83.12406323694964	47.49430483234583
53.24554461985667	1.3313305709597434e-10	0.12888578347571922	2.5410973520803617e-13	0.12908133875870326	2.77227572401399e-12	0.004164550376519165	6.733794975944499e-15	0.0	0.08307871964145572	3.4588062584486283	7362.940125750654	7363.301087095364	-14726.241212846018	32.134717918936545	-7362.940125750654	0.02	5.4	5.4	0.19999999999999998	0.19999999999999998	83.12406323694964	47.49430483234583
53.815350123339115	4.749307717932805e-12	0.12624299284738952	2.079341301463021e-13	0.12636080009319942	4.013768066104424e-14	0.004120474408200114	5.068472610810286e-15	0.0	0.08880052954858769	3.5207470981426083	7457.882332747381	7458.245653119547	-14916.12798586693	32.752127080212944	-7457.882332747381	0.02	5.5	5.5	0.19999999999999998	0.19999999999999998	83.12406323694964	47.49430483234583
54.408315569477566	3.863026738770703e-11	0.12373064882502315	2.4045488287110627e-13	0.12376492592732001	6.790628668979012e-13	0.004077275197030308	4.7284849424818556e-15	0.0	0.09540400687995614	3.578609428830488	7502.9324180778995	7503.298191905937	-15006.230609983837	33.3645397202732	-7502.9324180778995	0.02	5.6	5.6	0.19999999999999998	0.19999999999999998	83.12406323694964	47.49430483234583
55.032983426506135	7.299597775192734e-11	0.12132128301122601	7.178957234193498e-14	0.12127528854897263	1.4946655677981575e-12	0.00403460843172066	8.210796476326176e-16	0.0	0.10302348627290114	3.6320280036194306	7494.338986331634	7494.707321152523	-14989.046307484157	33.97154027059628	-7494.338986331634	0.02	5.7	5.7	0.19999999999999998	0.19999999999999998	83.12406323694964	47.49430483234583
55.69866674561558	3.488054799421353e-11	0.11897840028890129	2.3186485963893283e-13	0.11887425664107523	1.878508510148094e-13	0.003992699781094027	5.760459137949777e-16	0.0	0.11157502764637435	3.6835970822205675	7422.8942846256305	7423.265284648423	-14846.159569274056	34.57706950416638	-7422.8942846256305	0.02	5.8	5.8	0.19999999999999998	0.19999999999999998	83.12406323694964	47.49430483234583
56.417717531997134	2.532953014000583e-12	0.11664468492601968	1.4053568543380253e-13	0.11648151693023452	1.292437865703578e-13	0.003951524533208135	4.772426371609657e-15	0.0	0.12067767378269836	3.741210368727745	7270.3200540486305	7270.693818073107	-14541.013872121737	35.191581568234284	-7270.3200540486305	0.02	5.9	5.9	0.19999999999999998	0.19999999999999998	83.12406323694964	47.49430483234583
