SigmaEL	SigmaET	SigmaAlphaL	SigmaAlphaT	SigmaAlphaBarL	SigmaAlphaBarT	SigmaKappaL	SigmaKappaT	basis_angle	rhoH	S	Ttt	Txx	Tyy	rho	EInternal	T	Ax	Ay	Gx	Gy	mu	Q
5494.73767697099	2.498959487070608e-07	115.34035638030797	5.252155954842639e-09	115.34035638027343	5.250493360478811e-09	2.4243495588199604	1.1034875228042785e-10	0.0	0.0070680883882513245	0.6151079375684533	0.3293672397639699	0.6272074257153922	-0.9565746654793622	0.6242127542359129	-0.3293672397639699	0.02	0.1	0.1	0.09999999999999999	0.09999999999999999	83.12406323694964	47.49430483234583
1429.9712922605895	2.4264639814748027e-07	29.758772124932207	5.034784086655997e-09	29.75877212499082	5.123863205491536e-09	0.6229062483022063	1.0639874996917478e-10	0.0	0.007217061143769918	0.6179877480168953	1.912582638141367	2.2104230782722687	-4.123005716413635	0.7465407215684442	-1.912582638141367	0.02	0.2	0.2	0.09999999999999999	0.09999999999999999	83.12406323694964	47.49430483234583
675.41575188052	1.3129449321909285e-09	13.871778578723724	2.62712460998189e-11	13.871778580477962	2.936841356393873e-11	0.28895071878993445	5.882371771401931e-13	0.0	0.007464764888360258	0.6230636150145339	4.550004343333374	4.847845350617167	-9.39784969395054	0.9499123031642971	-4.550004343333374	0.02	0.3	0.3	0.09999999999999999	0.09999999999999999	83.12406323694964	47.49430483234583
409.5212433736863	1.092711424463674e-09	8.269199201804502	2.2295388344764808e-11	8.269199222707925	2.3002763209118448e-11	0.17142194286864545	4.684188904699948e-13	0.0	0.007809726122262402	0.6307272035584638	8.24245106897437	8.54029335514447	-16.78274442411884	1.233070069215666	-8.24245106897437	0.02	0.4	0.4	0.09999999999999999	0.09999999999999999	83.12406323694964	47.49430483234583
285.0322766948753	2.625209113136552e-11	5.640215003257356	6.881923837981812e-15	5.640215062758145	6.294178514358782e-13	0.11635871843015605	3.829509475231299e-15	0.0	0.008248310098770738	0.6413512259980346	12.99815428003948	13.29599762781713	-26.29415190785661	1.5929544474558723	-12.99815428003948	0.02	0.5	0.5	0.09999999999999999	0.09999999999999999	83.12406323694964	47.49430483234583
217.35212913490577	1.6843886340236775e-10	4.201244736279834	3.0029118221255583e-12	4.201244573101498	3.001927415457293e-12	0.08615256950112372	5.3581780235968497e-14	0.0	0.008773167767113387	0.6544997751591246	18.83897862962378	19.136760323557375	-37.97573895318116	2.0233389849450187	-18.83897862962378	0.02	0.6	0.6	0.09999999999999999	0.09999999999999999	83.12406323694964	47.49430483234583
113.60159145336098	4.1447739726854e-10	1.9025862814648633	8.87156731660252e-13	1.9025926332714518	5.964314527926939e-12	0.03782453445826634	7.151377633563078e-14	0.0	0.011427861394918998	0.7623916617027434	54.66706229412477	54.96485581386029	-109.63191810798506	4.194243429250594	-54.66706229412477	0.02	1.0	1.0	0.09999999999999999	0.09999999999999999	83.12406323694964	47.49430483234583
87.07114293312958	1.8243049865890315e-10	1.2783665863566145	1.6873744349193864e-12	1.2783784365582667	3.3334609215114667e-12	0.025205343908735352	3.90956938100496e-14	0.0	0.014433106563576282	0.9468466463096178	118.27739396946029	118.57508748586372	-236.85248145532398	6.62236690589253	-118.27739396946029	0.02	1.4	1.4	0.09999999999999999	0.09999999999999999	83.12406323694964	47.49430483234583
75.21925507099583	1.6578589954845124e-11	0.9763069902230029	3.338605558903855e-14	0.9763216895415089	7.918626434699181e-13	0.019359563309777363	4.807112690881586e-15	0.0	0.01764440265692962	1.1663243928250653	227.50243115875253	227.79996490772825	-455.30239606648075	9.143468652652949	-227.50243115875253	0.02	1.8	1.8	0.09999999999999999	0.09999999999999999	83.12406323694964	47.49430483234583
71.64804253431882	1.3260221696717589e-11	0.8761780022649636	5.518767281587902e-13	0.8761863285939685	3.179093929071421e-13	0.017470334247058086	1.1072161305982891e-14	0.0	0.01933203583450102	1.284266820792153	308.44210105860805	308.73952301286033	-617.1816240714684	10.421872144730742	-308.44210105860805	0.02	2.0	2.0	0.09999999999999999	0.09999999999999999	83.12406323694964	47.49430483234583
68.99581052151899	2.3103043783612165e-11	0.7955869486926356	5.249653570044608e-13	0.7955961936751541	6.464415382071676e-13	0.015970525059240532	1.2898671267325713e-14	0.0	0.021085525167547647	1.406323196157297	413.90612976055644	414.2034239752482	-828.1095537358046	11.707240986879125	-413.90612976055644	0.02	2.2	2.2	0.09999999999999999	0.09999999999999999	83.12406323694964	47.49430483234583
66.99544339239533	2.433170876153107e-10	0.7289698132314432	2.0002805732950256e-12	0.7289648669752612	5.1340976311452495e-12	0.014745565846378875	4.265877978080786e-14	0.0	0.022916906016718218	1.5318832633779085	550.2804846566768	550.5776302268856	-1100.8581148835624	12.996889075724289	-550.2804846566768	0.02	2.4	2.4	0.09999999999999999	0.09999999999999999	83.12406323694964	47.49430483234583
65.49070521901247	7.287345856962779e-12	0.6725999738885311	5.951244378552618e-13	0.6725777774864696	2.737583464316844e-13	0.013719984132236886	1.0025240610354111e-14	0.0	0.024841106425064728	1.660465307937299	724.57219704043	724.8691638347134	-1449.4413608751433	14.288663200560618	-724.57219704043	0.02	2.6	2.6	0.09999999999999999	0.09999999999999999	83.12406323694964	47.49430483234583
64.39618587034238	2.373510897372977e-10	0.6240137751892586	3.1107646812501394e-12	0.6240344484291314	3.7510176893627e-12	0.01284426102767178	4.858940986758126e-14	0.0	0.026875585673813665	1.7917212395787072	944.0144993143272	944.3112657141938	-1888.325765028521	15.580819665874564	-944.0144993143272	0.02	2.8	2.8	0.09999999999999999	0.09999999999999999	83.12406323694964	47.49430483234583
63.58774530987602	1.0134132573912102e-11	0.581857281152765	5.980744896714805e-13	0.5818632540026043	3.9644762951907705e-13	0.012090589600533375	1.3791059230396354e-14	0.0	0.029041144306789998	1.925534656026958	1215.5478736432417	1215.8444162224193	-2431.392289865661	16.87193138262802	-1215.5478736432417	0.02	3.0	3.0	0.09999999999999999	0.09999999999999999	83.12406323694964	47.49430483234583
63.265485649791394	1.324665854438023e-12	0.5628331837448273	3.2867221340830236e-14	0.5627726509551271	2.7911488333678054e-13	0.011752178986390428	2.0830412492279775e-15	0.0	0.03018055574158366	1.9933445817890065	1372.7784892905797	1373.0749102286043	-2745.8533995191838	17.51680392639251	-1372.7784892905797	0.02	3.1	3.1	0.09999999999999999	0.09999999999999999	83.12406323694964	47.49430483234583
63.0014459762822	1.488957465352672e-11	0.54495686645333	3.9528506474210617e-13	0.5448070714857328	3.098042378503879e-13	0.011435250974276204	6.29006904796009e-15	0.0	0.03136205000846868	2.061694435991618	1545.1616505897618	1545.4579486911514	-3090.6195992809135	18.161153829479346	-1545.1616505897618	0.02	3.2	3.2	0.09999999999999999	0.09999999999999999	83.12406323694964	47.49430483234583
62.802914520572934	1.1354078961745007e-10	0.5280727107186085	4.888787473844295e-13	0.5278349670224938	2.487512814771129e-12	0.01113708299492344	1.1400718782676464e-14	0.0	0.032589065224217804	2.130532622282898	1733.1664742551557	1733.4626539539124	-3466.629128209068	18.804971618252555	-1733.1664742551557	0.02	3.3	3.3	0.09999999999999999	0.09999999999999999	83.12406323694964	47.49430483234583
62.67794109862281	3.6475401204213304e-11	0.5120419187010838	1.884213884310821e-13	0.5117416894819	9.81118638943912e-14	0.010855301729350056	3.395290139324408e-15	0.0	0.03386521878273777	2.1998080630496286	1937.0968075190558	1937.3928766970248	-3874.48968421608	19.448268631734727	-1937.0968075190558	0.02	3.4	3.4	0.09999999999999999	0.09999999999999999	83.12406323694964	47.49430483234583
62.636929364023274	2.872175414170286e-11	0.49673055757366913	1.9967385254217421e-13	0.4964199738658519	6.134450380770875e-13	0.010587621930350469	5.674000948432782e-15	0.0	0.0351943413672808	2.269463506232163	2157.0615567205678	2157.3575242657002	-4314.419080986268	20.091070606080738	-2157.0615567205678	0.02	3.5	3.5	0.09999999999999999	0.09999999999999999	83.12406323694964	47.49430483234583
62.69961459904659	8.738682368870931e-11	0.48197188031796817	6.523791201148614e-13	0.4817465564993461	1.1013545780116533e-12	0.010331227354663334	1.0567751434472146e-14	0.0	0.03658051370343517	2.33941392741475	2392.9451499657457	2393.24102345595	-4786.186173421696	20.733414690846615	-2392.9451499657457	0.02	3.6	3.6	0.09999999999999999	0.09999999999999999	83.12406323694964	47.49430483234583
62.964817137271595	6.735343716134448e-10	0.46716062638173456	3.042206431697693e-12	0.46733042727995444	1.839258938091773e-11	0.010077121885823638	8.987528505602243e-14	0.0	0.03802792599934947	2.409343865672408	2644.378847238969	2644.674564246895	-5289.053411485863	21.375388763363286	-2644.378847238969	0.02	3.7	3.7	0.09999999999999999	0.09999999999999999	83.12406323694964	47.49430483234583
1157.7358960638344	5.508176727122942e-09	24.056977321888525	1.1478911295416668e-10	24.056977321925995	1.1454855142242474e-10	0.5030575566827651	2.386554880913393e-12	0.0	0.007211396880282164	0.6192331649475168	1.8757614310866848	2.1736107468603536	-4.049372177947038	0.7418698329401936	-1.8757614310866848	0.02	0.2	0.2	0.19999999999999998	0.19999999999999998	83.12406323694964	47.49430483234583
530.9157624989843	6.730023069948443e-08	10.857582135079841	1.3786442081487595e-09	10.85758213533515	1.4095161016337184e-09	0.22530226869008516	2.8859745147202376e-11	0.0	0.00745012225417214	0.6256968801165737	4.472854248127792	4.7707210498690715	-9.243575297996863	0.9378512355081119	-4.472854248127792	0.02	0.3	0.3	0.19999999999999998	0.19999999999999998	83.12406323694964	47.49430483234583
311.98729479211636	6.656367607170248e-10	6.24704387202443	1.3734193318703036e-11	6.247043873290249	1.244897366199018e-11	0.12844629187917614	2.561109031694756e-13	0.0	0.007779171045646239	0.6348711007966924	8.122011580019022	8.419915406493049	-16.54192698651207	1.2079283001462284	-8.122011580019022	0.02	0.4	0.4	0.19999999999999998	0.19999999999999998	83.12406323694964	47.49430483234583
210.733921120704	1.9020680802151e-09	4.115331644767237	3.9029574062426125e-11	4.115331649063622	3.8458266148625954e-11	0.0838319998931463	7.888787119161105e-13	0.0	0.008192956074373838	0.646653106150081	12.846691443040367	13.144665044845556	-25.99135648788592	1.5474428011824481	-12.846691443040367	0.02	0.5	0.5	0.19999999999999998	0.19999999999999998	83.12406323694964	47.49430483234583
155.5070706539737	7.528287200309893e-10	2.9538866536962556	1.4775985376897885e-11	2.953886665061376	1.4606314329208904e-11	0.059681135038698	2.866736980183223e-13	0.0	0.008684520145719347	0.6607615939671814	18.6867642665322	18.984854995735365	-37.67161926226757	1.9505712673370725	-18.6867642665322	0.02	0.6	0.6	0.19999999999999998	0.19999999999999998	83.12406323694964	47.49430483234583
121.77552579871718	4.696339822156956e-10	2.245855490644643	9.619831165941351e-12	2.245855516152645	9.775503028661244e-12	0.04509736122897354	1.9953685922192913e-13	0.0	0.00924610755279203	0.6767973401921619	25.699883259489688	25.99815156768542	-51.69803482717511	2.4107838877253824	-25.699883259489688	0.02	0.7	0.7	0.19999999999999998	0.19999999999999998	83.12406323694964	47.49430483234583
99.29346608973265	2.6034020358473237e-10	1.7750790603965596	4.685634943558946e-12	1.7750791118192988	5.024026780130758e-12	0.03552450086639751	9.128813369183981e-14	0.0	0.009869399669703242	0.6943419011456314	33.96232262890011	34.26083947862742	-68.22316210752753	2.921028381656745	-33.96232262890011	0.02	0.8	0.8	0.19999999999999998	0.19999999999999998	83.12406323694964	47.49430483234583
83.13092215678114	6.517772812349859e-12	1.4373074658470042	1.3397397314793638e-13	1.4373075624415799	5.502725858490298e-13	0.028776902468194168	9.607378266328324e-15	0.0	0.010545169562806895	0.7130913105322235	43.57263211564789	43.871478145508284	-87.44411026115618	3.4734383667058624	-43.57263211564789	0.02	0.9	0.9	0.19999999999999998	0.19999999999999998	83.12406323694964	47.49430483234583
70.65483374073546	2.077429712426409e-10	1.176096485554708	3.228659803078422e-12	1.176096658213896	3.9925672400817864e-12	0.023691049576010408	6.215654177877995e-14	0.0	0.011262463879793424	0.7331562052948399	54.66117363514538	54.96044238483519	-109.62161601998058	4.0586577733051765	-54.66117363514538	0.02	1.0	1.0	0.19999999999999998	0.19999999999999998	83.12406323694964	47.49430483234583
60.544228206346354	2.803697479801352e-10	0.9596232459641674	4.986676524344576e-12	0.959623538765237	5.1838634555626136e-12	0.019610610242523845	9.29848711145795e-14	0.0	0.012007996126077853	0.7559442751510508	67.40665851200245	67.70646587116053	-135.11312438316298	4.665340717440278	-67.40665851200245	0.02	1.1	1.1	0.19999999999999998	0.19999999999999998	83.12406323694964	47.49430483234583
53.04519062435173	3.148894366826818e-11	0.7832789470937105	6.535414644620795e-13	0.7832793845641836	6.23045125218167e-13	0.016291672531123735	1.2625837628314516e-14	0.0	0.012767662198701929	0.7857430129081907	82.052053709114	82.35254363808637	-164.4045973472004	5.2813636129433315	-82.052053709114	0.02	1.2	1.2	0.19999999999999998	0.19999999999999998	83.12406323694964	47.49430483234583
41.32400542024129	2.4742923136799114e-09	0.42071068686502167	3.090185583328968e-11	0.42071159998738605	5.782580757767499e-11	0.009161244447302697	7.242729807647751e-13	0.0	0.017537431867112346	1.0699249530870123	227.34424604463078	227.65117598525904	-454.9954220298898	9.059481665737927	-227.34424604463078	0.02	1.8	1.8	0.19999999999999998	0.19999999999999998	83.12406323694964	47.49430483234583
40.333275267078186	1.0834930337915577e-10	0.3688743685701251	3.862954525842656e-12	0.36887511226422687	4.651276227174929e-12	0.008224352656202319	1.8204657372962171e-13	0.0	0.019230264383430635	1.1802221707247855	308.233560294846	308.54309064883535	-616.7766509436813	10.343954391604854	-308.233560294846	0.02	2.0	2.0	0.19999999999999998	0.19999999999999998	83.12406323694964	47.49430483234583
39.87956626350102	2.1842894788910716e-11	0.3291753269198166	4.4585848858494493e-13	0.32917549410788993	4.946685409252246e-13	0.0075262742860341065	6.027476241321224e-15	0.0	0.020987598721887758	1.2955106138654395	413.5991787777772	413.9113467774204	-827.5105255551977	11.634675863792735	-413.5991787777772	0.02	2.2	2.2	0.19999999999999998	0.19999999999999998	83.12406323694964	47.49430483234583
39.80377253043025	6.10994836539383e-11	0.2978918673494631	1.2076613131765258e-14	0.2978911601204443	1.5546127173167518e-12	0.0069884972924220985	1.5749906378070294e-17	0.0	0.022821661698942963	1.414970365946827	549.8039906424598	550.1187656545276	-1099.9227562969872	12.929136277532763	-549.8039906424598	0.02	2.4	2.4	0.19999999999999998	0.19999999999999998	83.12406323694964	47.49430483234583
40.00463510107118	3.435917831718163e-11	0.2726989083197184	5.563355639171761e-13	0.2726959205982094	9.849545861979626e-13	0.006563011530229969	1.4804144898654748e-14	0.0	0.02474733745443123	1.5380321283042206	723.8338579185526	724.1511749764711	-1447.9850328950238	14.225253448076446	-723.8338579185526	0.02	2.6	2.6	0.19999999999999998	0.19999999999999998	83.12406323694964	47.49430483234583
40.41308413887829	7.70751433732059e-11	0.2520405741391315	7.995137295397821e-14	0.25203528127660624	1.8904681963826773e-12	0.006218429363838717	4.404205332044526e-15	0.0	0.026782355872411266	1.664278796601583	942.9064007856108	943.2261887078389	-1886.1325894934498	15.521328219978358	-942.9064007856108	0.02	2.8	2.8	0.19999999999999998	0.19999999999999998	83.12406323694964	47.49430483234583
40.982407131335464	1.3473617946173355e-10	0.2348209300939757	8.059094936013816e-13	0.23481237130102145	4.108144565232285e-12	0.005933157105121317	2.4085487259692458e-14	0.0	0.028947439154662045	1.7933971193038243	1213.9551190610289	1214.2773259003927	-2428.2324449614216	16.816082352562983	-1213.9551190610289	0.02	3.0	3.0	0.19999999999999998	0.19999999999999998	83.12406323694964	47.49430483234583
41.31436193633412	7.973387812086792e-10	0.22725214168916727	3.461606695310168e-12	0.22723967148637572	2.3797960037813353e-11	0.005807927972468807	1.0424890864732912e-13	0.0	0.030086100349609488	1.8589622013007614	1370.901749003198	1371.2251558580324	-2742.1269048612303	17.46269476856361	-1370.901749003198	0.02	3.1	3.1	0.19999999999999998	0.19999999999999998	83.12406323694964	47.49430483234583
41.67261490836926	3.4610439514359825e-12	0.2202672002615295	3.051563056459309e-13	0.22024864598341373	1.4233728649882298e-13	0.005692226985000814	7.776665952731338e-15	0.0	0.03126649046044029	1.9251588358521283	1542.9762406131267	1543.3008473773195	-3086.277087990446	18.108720840808886	-1542.9762406131267	0.02	3.2	3.2	0.19999999999999998	0.19999999999999998	83.12406323694964	47.49430483234583
42.0552394524835	1.3293723760687826e-12	0.21379064933785008	2.9182124992493253e-13	0.21376443040684645	4.9940043077915525e-14	0.0055846948811372294	7.861813423158157e-15	0.0	0.032492083741223636	1.9919539160218682	1730.6517619014044	1730.9775740014093	-3461.629335902814	18.75414276807293	-1730.6517619014044	0.02	3.3	3.3	0.19999999999999998	0.19999999999999998	83.12406323694964	47.49430483234583
42.46110871063801	4.3334417651474944e-11	0.2077545254104455	9.887206611333145e-14	0.20772056033973144	1.1922343112764647e-12	0.005484155504610607	2.2092971458666623e-15	0.0	0.03376655010272184	2.059316071962335	1934.2376972848508	1934.5647263642581	-3868.8024236491083	19.39896769201563	-1934.2376972848508	0.02	3.4	3.4	0.19999999999999998	0.19999999999999998	83.12406323694964	47.49430483234583
42.88872341614113	4.4747064126965386e-11	0.20210101159392402	4.55681207493844e-13	0.2020608511955229	1.2129374271341022e-12	0.0053896472176063245	1.0308991742115524e-14	0.0	0.0350937822713175	2.127219865919089	2153.8499964632365	2154.178260539298	-4308.028257002535	20.04322061608181	-2153.8499964632365	0.02	3.5	3.5	0.19999999999999998	0.19999999999999998	83.12406323694964	47.49430483234583
43.3354586759714	7.558062476657051e-11	0.19678362874176916	1.5765251864489588e-12	0.1967394516292754	1.5231958794028444e-12	0.005300419618459877	3.499982805153692e-14	0.0	0.03647794494277554	2.195646907222977	2389.381612715134	2389.7111357679364	-4779.09274848307	20.68693728953945	-2389.381612715134	0.02	3.6	3.6	0.19999999999999998	0.19999999999999998	83.12406323694964	47.49430483234583
43.797582335675784	3.139093585763364e-12	0.1917662005369878	1.8706972622980156e-13	0.1917189835107321	3.3802706951462346e-15	0.005215889164447058	4.9951671638102234e-15	0.0	0.03792354760348522	2.2645832203691048	2640.473886942311	2640.804698177055	-5281.278585119366	21.33015719482302	-2640.473886942311	0.02	3.7	3.7	0.19999999999999998	0.19999999999999998	83.12406323694964	47.49430483234583
44.27114590682014	6.326411421640754e-11	0.18701938572970125	4.0039219777287687e-13	0.18696716718854428	6.19123871975844e-13	0.005135566014666581	1.8495814699939294e-15	0.0	0.03943554349415958	2.3340132290749085	2906.48975881311	2906.8218918786424	-5813.311650691752	21.972916570838194	-2906.48975881311	0.02	3.8	3.8	0.19999999999999998	0.19999999999999998	83.12406323694964	47.49430483234583
44.75340597806765	4.399696557598476e-11	0.18251578966433776	6.843194760831458e-13	0.18245316607951606	2.3113893457263988e-12	0.005058981681901661	6.48324730637237e-14	0.0	0.04101945911996093	2.4039126957877053	3186.4896385649545	3186.823131081029	-6373.312769645983	22.615241136236058	-3186.4896385649545	0.02	3.9	3.9	0.19999999999999998	0.19999999999999998	83.12406323694964	47.49430483234583
45.24384336750468	7.069790727235598e-11	0.1782262490143569	6.476412121373826e-13	0.17814569957634813	1.5245263986083045e-12	0.004985654316620509	2.878777192677867e-14	0.0	0.0426815634386181	2.4742447922871307	3479.210649396735	3479.5455431157397	-6958.756192512474	23.257138099160528	-3479.210649396735	0.02	4.0	4.0	0.19999999999999998	0.19999999999999998	83.12406323694964	47.49430483234583
45.744043014135954	3.2961909026893443e-11	0.1741192372901918	1.6767148929311843e-13	0.17401375476012657	5.304432137499792e-13	0.004915102939328541	1.2698369784473676e-15	0.0	0.04442908981675179	2.5449613301529457	3783.049750303582	3783.386091726914	-7566.435842030496	23.89858802107707	-3783.049750303582	0.02	4.1	4.1	0.19999999999999998	0.19999999999999998	83.12406323694964	47.49430483234583
46.25673855430743	4.222616874216545e-11	0.17016254724367688	1.6524327296097367e-13	0.17002843956556005	1.2511806445012281e-12	0.00484688440497139	4.3685452273526755e-15	0.0	0.04627052192061837	2.616006500768204	4096.050991094728	4096.388831867092	-8192.43982296182	24.539538381412225	-4096.050991094728	0.02	4.2	4.2	0.19999999999999998	0.19999999999999998	83.12406323694964	47.49430483234583
46.78484205396592	5.835933548480748e-11	0.16632519096747383	5.293184141982388e-13	0.1661642523009175	1.2837965602719954e-12	0.004780623292770107	1.457772162789556e-15	0.0	0.04821595081061997	2.687319306229447	4415.896874602661	4416.2362712820795	-8832.133145884742	25.179900550433356	-4415.896874602661	0.02	4.3	4.3	0.19999999999999998	0.19999999999999998	83.12406323694964	47.49430483234583
47.33086281626836	1.2240811744215416e-11	0.162578608895695	1.1022953956745318e-13	0.1623994386815068	3.451344108177303e-13	0.0047160273009968995	2.426258359176233e-15	0.0	0.050277512011398504	2.758833370004223	4739.903543475739	4740.244556882203	-9480.148100357943	25.819550618109638	-4739.903543475739	0.02	4.4	4.4	0.19999999999999998	0.19999999999999998	83.12406323694964	47.49430483234583
47.89661739755265	2.2984407346132718e-11	0.1588974585741276	8.415431455135134e-14	0.1587159794800022	1.289971869798704e-12	0.004652894349394041	6.019682003774097e-15	0.0	0.05246991900393325	2.8304748444621075	5065.019305356751	5065.361999886849	-10130.381305243598	26.45833354243033	-5065.019305356751	0.02	4.5	4.5	0.19999999999999998	0.19999999999999998	83.12406323694964	47.49430483234583
48.48296383040935	1.3459337594098897e-11	0.15526059312641563	5.753810666199323e-14	0.15509979108083108	3.890644666835728e-13	0.004591117524299854	2.469207287180013e-15	0.0	0.05481112133701255	2.9021594740031955	5387.825910573834	5388.170353705173	-10775.996264279009	27.096069674091922	-5387.825910573834	0.02	4.6	4.6	0.19999999999999998	0.19999999999999998	83.12406323694964	47.49430483234583
49.08926415773759	5.010746646164771e-11	0.15165301506725254	6.766027482502245e-14	0.15154162760694875	2.4686555476645217e-12	0.0045306925307880865	3.818519453733844e-15	0.0	0.057323131509440246	2.9737896924986162	5704.542076619794	5704.888338683583	-11409.430415303377	27.732562449074067	-5704.542076619794	0.02	4.7	4.7	0.19999999999999998	0.19999999999999998	83.12406323694964	47.49430483234583
49.712177609789535	1.4766412767021342e-10	0.14807015631048626	7.189751313981385e-13	0.1480392355636336	4.2265976619374045e-12	0.004471735110092166	2.2008006681128366e-14	0.0	0.06003308676989197	3.045252789215099	6011.029137625496	6011.3772919361645	-12022.40642956166	28.367605602928936	-6011.029137625496	0.02	4.8	4.8	0.19999999999999998	0.19999999999999998	83.12406323694964	47.49430483234583
50.34332614665604	4.871274932906344e-11	0.14452644269392084	2.502381135506121e-13	0.14460119407572533	4.951482051976473e-13	0.00441451612547806	3.087655901877204e-16	0.0	0.06297464146138444	3.116420963842117	6302.799618848292	6303.149742084249	-12605.94936093254	29.000987727619325	-6302.799618848292	0.02	4.9	4.9	0.19999999999999998	0.19999999999999998	83.12406323694964	47.49430483234583
50.96694382460156	2.8834342465783314e-11	0.1410660451041538	1.0087270154983357e-13	0.14125024262975855	7.812554959383546e-13	0.004359480618101552	3.0822776102774523e-15	0.0	0.0661898158767563	3.1871463529742057	6575.031468190242	6575.383638940299	-13150.41510713054	29.63249273994508	-6575.031468190242	0.02	5.0	5.0	0.19999999999999998	0.19999999999999998	83.12406323694964	47.49430483234583
51.56513250312669	3.8958417947817375e-10	0.13775347446342237	1.609610917586446e-12	0.13801525000482726	8.573571795388057e-12	0.004307077993305857	3.1575379308117125e-14	0.0	0.06973143039826446	3.257215956475673	6822.5946046421595	6822.948893804363	-13645.543498446521	30.26189894133836	-6822.5946046421595	0.02	5.1	5.1	0.19999999999999998	0.19999999999999998	83.12406323694964	47.49430483234583
52.134653236263674	1.0237277833172881e-10	0.134625709625727	2.7589030936612383e-12	0.13490965296178292	5.929325563913029e-12	0.0042573718677125765	2.767910679506504e-13	0.0	0.07366627261837462	3.326253994419624	7040.104561263253	7040.461021892534	-14080.565583155787	30.888970477073663	-7040.104561263253	0.02	5.2	5.2	0.19999999999999998	0.19999999999999998	83.12406323694964	47.49430483234583
52.689390978494274	2.5567057477214605e-11	0.1316755947990229	1.2074481370625125e-13	0.13193167023155028	1.3469886209656708e-12	0.004210016945568746	4.601570391141629e-15	0.0	0.07807928513519019	3.393690855971198	7222.0340857669	7222.392766178093	-14444.426851944994	31.513403648471602	-7222.0340857669	0.02	5.3	5.3	0.19999999999999998	0.19999999999999998	83.12406323694964	47.49430483234583
53.24554461985667	1.3313305709597434e-10	0.12888578347571922	2.5410973520803617e-13	0.12908133875870326	2.77227572401399e-12	0.004164550376519165	6.733794975944499e-15	0.0	0.08307871964145572	3.4588062584486283	7362.940125750654	7363.301087095364	-14726.241212846018	32.134717918936545	-7362.940125750654	0.02	5.4	5.4	0.19999999999999998	0.19999999999999998	83.12406323694964	47.49430483234583
53.815350123339115	4.749307717932805e-12	0.12624299284738952	2.079341301463021e-13	0.12636080009319942	4.013768066104424e-14	0.004120474408200114	5.068472610810286e-15	0.0	0.08880052954858769	3.5207470981426083	7457.882332747381	7458.245653119547	-14916.12798586693	32.752127080212944	-7457.882332747381	0.02	5.5	5.5	0.19999999999999998	0.19999999999999998	83.12406323694964	47.49430483234583
54.408315569477566	3.863026738770703e-11	0.12373064882502315	2.4045488287110627e-13	0.12376492592732001	6.790628668979012e-13	0.004077275197030308	4.7284849424818556e-15	0.0	0.09540400687995614	3.578609428830488	7502.9324180778995	7503.298191905937	-15006.230609983837	33.3645397202732	-7502.9324180778995	0.02	5.6	5.6	0.19999999999999998	0.19999999999999998	83.12406323694964	47.49430483234583
55.032983426506135	7.299597775192734e-11	0.12132128301122601	7.178957234193498e-14	0.12127528854897263	1.4946655677981575e-12	0.00403460843172066	8.210796476326176e-16	0.0	0.10302348627290114	3.6320280036194306	7494.338986331634	7494.707321152523	-14989.046307484157	33.97154027059628	-7494.338986331634	0.02	5.7	5.7	0.19999999999999998	0.19999999999999998	83.12406323694964	47.49430483234583
55.69866674561558	3.488054799421353e-11	0.11897840028890129	2.3186485963893283e-13	0.11887425664107523	1.878508510148094e-13	0.003992699781094027	5.760459137949777e-16	0.0	0.11157502764637435	3.6835970822205675	7422.8942846256305	7423.265284648423	-14846.159569274056	34.57706950416638	-7422.8942846256305	0.02	5.8	5.8	0.19999999999999998	0.19999999999999998	83.12406323694964	47.49430483234583
56.417717531997134	2.532953014000583e-12	0.11664468492601968	1.4053568543380253e-13	0.11648151693023452	1.292437865703578e-13	0.003951524533208135	4.772426371609657e-15	0.0	0.12067767378269836	3.741210368727745	7270.3200540486305	7270.693818073107	-14541.013872121737	35.191581568234284	-7270.3200540486305	0.02	5.9	5.9	0.19999999999999998	0.19999999999999998	83.12406323694964	47.49430483234583
1155.4720703367575	3.277148065482065e-08	24.03007997811459	6.867207707491538e-10	24.03007997812286	6.915661237127814e-10	0.5028247812060541	1.4492951774992144e-11	0.0	0.00718386588955553	0.620999340390917	1.7487611611651221	2.0468440016361678	-3.7956051628012895	0.7192125764959374	-1.7487611611651221	0.02	0.2	0.2	0.39999999999999997	0.39999999999999997	83.12406323694964	47.49430483234583
532.6510437449259	5.1959538235587036e-09	10.915451698266569	1.0815876949106431e-10	10.915451698285924	1.061264049472519e-10	0.22675189528883496	2.2116385760874546e-12	0.0	0.0073873960133026	0.6291409459909466	4.21658318345957	4.51507989962734	-8.73166308308691	0.8862447342339791	-4.21658318345957	0.02	0.3	0.3	0.39999999999999997	0.39999999999999997	83.12406323694964	47.49430483234583
314.62788079524364	3.1939207167171364e-09	6.32329434864518	6.661510118757536e-11	6.3232943487136	6.55756738146623e-11	0.13013340229576142	1.368094541443644e-12	0.0	0.007666806679444116	0.6399096671398864	7.73180126323885	8.031064386180523	-15.762865649419375	1.1155172977572936	-7.73180126323885	0.02	0.4	0.4	0.39999999999999997	0.39999999999999997	83.12406323694964	47.49430483234583
213.5855724276975	4.665349503962281e-09	4.193582906730002	9.470286721286605e-11	4.193582906935431	9.593425684232778e-11	0.08537015863139867	1.9474931971801955e-12	0.0	0.008017743505574292	0.6528395644957515	12.349930679417628	12.650466319332441	-25.00039699875007	1.403405192888615	-12.349930679417628	0.02	0.5	0.5	0.39999999999999997	0.39999999999999997	83.12406323694964	47.49430483234583
158.50293968341342	6.235697078864951e-10	3.031064843578234	1.2259609833976708e-11	3.031064844086062	1.296650529329114e-11	0.060977480869614624	2.5466073134781266e-13	0.0	0.008435721511845769	0.6674793190187711	18.137518799659496	18.43999989959294	-36.57751869925244	1.7461395604638847	-18.137518799659496	0.02	0.6	0.6	0.39999999999999997	0.39999999999999997	83.12406323694964	47.49430483234583
125.05801533722178	2.1461498164287562e-10	2.3238032731418437	4.4411219895348165e-12	2.3238032742591166	4.533115737923534e-12	0.0461762657304679	8.98587632357081e-14	0.0	0.008916374396000367	0.6834196112214672	25.170878457640118	25.476152404938993	-50.64703086257911	2.140001585787224	-25.170878457640118	0.02	0.7	0.7	0.39999999999999997	0.39999999999999997	83.12406323694964	47.49430483234583
103.10435823292755	3.0870910481520155e-10	1.8583426501662046	6.157920250507653e-12	1.8583426524053972	6.0729408830432105e-12	0.036472857931948516	1.2182256948865207e-13	0.0	0.009455528747349203	0.7002992576895121	33.53614240106603	33.845238122654465	-67.3813805237205	2.5813734393158625	-33.53614240106603	0.02	0.8	0.8	0.39999999999999997	0.39999999999999997	83.12406323694964	47.49430483234583
87.80186027972968	1.893446045840661e-12	1.5329456739298288	3.0553797389355513e-15	1.532945678089051	3.17131468755624e-13	0.029726296050298178	4.667507840850339e-15	0.0	0.010049158205063961	0.7178002665266591	43.331099889177885	43.64523733517868	-86.97633722435656	3.066691499750172	-43.331099889177885	0.02	0.9	0.9	0.39999999999999997	0.39999999999999997	83.12406323694964	47.49430483234583
76.60147944492618	2.748009573732657e-10	1.2941062527999116	5.045440892645324e-12	1.2941062600646387	5.394945777215944e-12	0.024811575782946415	9.887615727258023e-14	0.0	0.010693263886104873	0.7356393434674386	54.66922815397519	54.98983076120894	-109.65905891518413	3.5923397360887863	-54.66922815397519	0.02	1.0	1.0	0.39999999999999997	0.39999999999999997	83.12406323694964	47.49430483234583
68.05136982921225	1.234527758069582e-10	1.1114245966672054	2.2035860629162387e-12	1.1114246087286288	2.3757468847175212e-12	0.021090900540538263	4.2204140285820644e-14	0.0	0.011383710842801285	0.7535606131279656	67.68618859115283	68.0148970260984	-135.7010856172512	4.154507490916905	-67.68618859115283	0.02	1.1	1.1	0.39999999999999997	0.39999999999999997	83.12406323694964	47.49430483234583
61.26790165636688	7.816138977365106e-10	0.9664864829283945	1.2923741512661082e-11	0.9664865021332989	1.4967793151319358e-11	0.01817993975725053	2.4834181307956585e-13	0.0	0.01211604224547427	0.7713334137430827	82.54881287211452	82.88749575775329	-165.4363086298678	4.749029299629092	-82.54881287211452	0.02	1.2	1.2	0.39999999999999997	0.39999999999999997	83.12406323694964	47.49430483234583
55.68002154220592	4.760121287482148e-11	0.8474967670827614	9.799357041426135e-13	0.8474967966129735	1.0373614250538049e-12	0.01583535093266236	2.1240766351587903e-14	0.0	0.012885300644801641	0.7887603435700077	99.46624188064226	99.81699584740294	-199.28323772804518	5.371230718016313	-99.46624188064226	0.02	1.3	1.3	0.39999999999999997	0.39999999999999997	83.12406323694964	47.49430483234583
50.89720804667242	3.230950835109332e-10	0.7465064062486945	5.565199422861216e-12	0.7465064503442628	6.439175161263336e-12	0.01389702218826977	1.103704077845306e-13	0.0	0.013685913570789418	0.8057043547686518	118.70233709577043	119.06746428847006	-237.76980138424048	6.015827187932867	-118.70233709577043	0.02	1.4	1.4	0.39999999999999997	0.39999999999999997	83.12406323694964	47.49430483234583
46.63871041094633	5.821006737337289e-10	0.6579029405138398	8.353414447737815e-12	0.6579030047571155	1.1408772887485457e-11	0.012257019900752258	1.6349961035590177e-13	0.0	0.01451174635865498	0.8221493854883237	140.58766982872072	140.969617199874	-281.5572870285947	6.676960849021402	-140.58766982872072	0.02	1.5	1.5	0.39999999999999997	0.39999999999999997	83.12406323694964	47.49430483234583
42.69756871125755	1.6465608127717683e-10	0.5775616992394207	2.643554715949667e-12	0.5775617908711419	2.9292565535506906e-12	0.010842398866152908	4.7727520279992263e-14	0.0	0.015356456919370702	0.8383152898919809	165.5284104412472	165.92965617121558	-331.4580666124628	7.348487232952726	-165.5284104412472	0.02	1.6	1.6	0.39999999999999997	0.39999999999999997	83.12406323694964	47.49430483234583
38.93077014621497	1.499523032328677e-10	0.5023703278446959	2.3396869073158833e-12	0.5023704560949657	2.608499781484547e-12	0.009605148505371435	4.049774643062859e-14	0.0	0.016214218468157196	0.8548519681396632	194.0090944859698	194.43198033219045	-388.44107481816025	8.024568622760967	-194.0090944859698	0.02	1.7	1.7	0.39999999999999997	0.39999999999999997	83.12406323694964	47.49430483234583
35.282002969678	1.0045498666840652e-11	0.43003615689893016	2.7109786692105475e-13	0.4300363330449799	2.2661994073041803e-13	0.00851458767614733	6.146816644105832e-15	0.0	0.017080619241454396	0.8731394379005326	226.58817165298325	227.03470867634928	-453.6228803293325	8.70042003747048	-226.58817165298325	0.02	1.8	1.8	0.39999999999999997	0.39999999999999997	83.12406323694964	47.49430483234583
31.86613228680384	8.826382010798835e-11	0.35949471880558403	1.3655240166123863e-12	0.35949495527269726	2.127375679111324e-12	0.00754811079640892	3.2938637717341004e-14	0.0	0.01795324328275336	0.895695091431143	263.8896830136375	264.3613835742916	-528.2510665879291	9.372799786696412	-263.8896830136375	0.02	1.9	1.9	0.39999999999999997	0.39999999999999997	83.12406323694964	47.49430483234583
29.12400026536408	1.6475862747679024e-11	0.29326820349807814	2.5814842148816602e-12	0.293268509875153	4.4118558129819487e-13	0.006684294340242526	2.5529279571177528e-14	0.0	0.01883163226152911	0.9262895738328267	306.59549460651823	307.09327738691667	-613.6887719934348	10.03998947974241	-306.59549460651823	0.02	2.0	2.0	0.39999999999999997	0.39999999999999997	83.12406323694964	47.49430483234583
27.654756948529247	4.41099144701324e-11	0.2405533190470097	1.3175253534752373e-12	0.24055369404208787	1.1821338182710262e-12	0.005935498236497481	3.5577768629296624e-14	0.0	0.019717502173998445	0.9676327589246968	355.42925257066645	355.95347007426597	-711.3827226449323	10.701971954914061	-355.42925257066645	0.02	2.1	2.1	0.39999999999999997	0.39999999999999997	83.12406323694964	47.49430483234583
27.318630951833395	7.380244282324594e-10	0.20691117414984683	1.1888896317365917e-11	0.20691159958960734	1.9454255035419915e-11	0.005363563411648253	3.130341292579531e-13	0.0	0.020615372399372858	1.0169146736720447	411.12946031922957	411.6801217855464	-822.809582104776	11.360976562199674	-411.12946031922957	0.02	2.2	2.2	0.39999999999999997	0.39999999999999997	83.12406323694964	47.49430483234583
27.48528334176037	1.4717539461987263e-10	0.18550058459131974	1.4375366407125573e-12	0.18550103070265206	4.94389023770632e-12	0.004955431110951155	4.303978438081797e-14	0.0	0.02152996695226036	1.069381863203172	474.4702048166404	475.04719889274	-949.5174037093803	12.019358705385468	-474.4702048166404	0.02	2.3	2.3	0.39999999999999997	0.39999999999999997	83.12406323694964	47.49430483234583
27.849504865165436	7.134468151892906e-11	0.16973281014763145	6.856433341362521e-13	0.16973327543856123	2.0686509276783383e-12	0.004648864230940691	1.9147220142603056e-14	0.0	0.02246418939515498	1.1231911405364987	546.2876287536565	546.8907592400817	-1093.1783879937382	12.677807151841717	-546.2876287536565	0.02	2.4	2.4	0.39999999999999997	0.39999999999999997	83.12406323694964	47.49430483234583
28.32345229245493	3.048839761383981e-11	0.15691845525492648	1.2898975699723367e-12	0.15691894646794985	1.1071538402494354e-12	0.004403274217590966	4.1957730120019794e-14	0.0	0.023420149947682125	1.1780830288182194	627.460524495272	628.0895073066532	-1255.5500318019253	13.336189439561727	-627.460524495272	0.02	2.5	2.5	0.39999999999999997	0.39999999999999997	83.12406323694964	47.49430483234583
28.874540147146874	3.1520842796247013e-10	0.14603533603883706	4.4801460590844745e-12	0.1460358506439451	8.234428000050512e-12	0.004198220543683413	1.1890228207368325e-13	0.0	0.024399926864942512	1.234077664659228	718.8873223499545	719.5418051701264	-1438.4291275200808	13.994243207980347	-718.8873223499545	0.02	2.6	2.6	0.39999999999999997	0.39999999999999997	83.12406323694964	47.49430483234583
29.48389306952038	1.4417113024787521e-11	0.13660002504179944	8.829818521399503e-14	0.13660054800284657	3.543697804657081e-13	0.004022748570751651	1.5342541474764313e-15	0.0	0.025405774096955755	1.291179033655716	821.4686002499626	822.148192257188	-1643.6167925071509	14.651745848343122	-821.4686002499626	0.02	2.7	2.7	0.39999999999999997	0.39999999999999997	83.12406323694964	47.49430483234583
30.138165485364155	1.9735173063350868e-11	0.128320443576904	1.9251001274564006e-13	0.12832096770701915	8.584407573898377e-13	0.0038702213255999624	6.429723978485234e-15	0.0	0.026440162245320437	1.3493533920826026	936.0900800519112	936.7943817828572	-1872.8844618347684	15.308530959962804	-936.0900800519112	0.02	2.8	2.8	0.39999999999999997	0.39999999999999997	83.12406323694964	47.49430483234583
30.827574449426194	5.146933382694629e-11	0.12099035746619657	1.411426475624152e-12	0.12099088186223887	1.877545268975136e-12	0.003736172983648801	3.548294482014194e-14	0.0	0.02750577656034968	1.408546639111527	1063.6040316281067	1064.33266079035	-2127.936692418457	15.9644790475201	-1063.6040316281067	0.02	2.9	2.9	0.39999999999999997	0.39999999999999997	83.12406323694964	47.49430483234583
31.544988315118836	9.796156690466875e-11	0.11445374279143762	1.408799272528135e-14	0.1144542168580005	6.201887140152588e-12	0.003617373502788029	1.4661807176293616e-14	0.0	0.028605507443448194	1.4686988835844876	1204.8085212513222	1205.561133190164	-2410.369654441486	16.619508736952294	-1204.8085212513222	0.02	3.0	3.0	0.39999999999999997	0.39999999999999997	83.12406323694964	47.49430483234583
32.285198492388524	2.3094059542309864e-11	0.10858950659374167	1.3868446289234816e-13	0.10858993003423924	1.5632525319127872e-12	0.003511374538661477	1.3186134724309893e-14	0.0	0.02974244241071751	1.5297517978395783	1360.4243835726847	1361.2006862452733	-2721.625069817958	17.273571723803975	-1360.4243835726847	0.02	3.1	3.1	0.39999999999999997	0.39999999999999997	83.12406323694964	47.49430483234583
33.044397392643845	3.2534812422825056e-11	0.10330234101227705	7.214584551684952e-14	0.10330276451958981	8.614415758737507e-13	0.003416262463473829	6.846017561288037e-15	0.0	0.03091986078377918	1.591651253780836	1531.0700066884806	1531.869770835583	-3062.9397775240636	17.926649781733374	-1531.0700066884806	0.02	3.2	3.2	0.39999999999999997	0.39999999999999997	83.12406323694964	47.49430483234583
33.81979875102445	5.0675506813816634e-12	0.09851700071722747	4.796092797644984e-13	0.09851735708873835	1.2489709770952822e-13	0.0033305085019610173	1.2960672197604401e-14	0.0	0.03214123368270443	1.6543482247302919	1717.234192953312	1718.0572584421097	-3435.2914513954215	18.578751949531537	-1717.234192953312	0.02	3.3	3.3	0.39999999999999997	0.39999999999999997	83.12406323694964	47.49430483234583
34.60927921592302	7.738899368342142e-10	0.0941741795569649	1.834252466590197e-11	0.09417432892638773	2.6462655932179303e-11	0.0032528686316445955	6.370157851226119e-13	0.0	0.033410231923023725	1.717798305208756	1919.2475314656174	1920.093810297009	-3839.341341762626	19.229910969192034	-1919.2475314656174	0.02	3.4	3.4	0.39999999999999997	0.39999999999999997	83.12406323694964	47.49430483234583
35.41115671984264	2.8437391394323715e-10	0.09022640182680765	1.5573060858595291e-12	0.09022634739543822	1.1531753922883044e-11	0.003182313316207323	6.768131328221696e-14	0.0	0.03473074438058395	1.7819600624438092	2137.252895474453	2138.1223719391082	-4275.375267413561	19.880178305838797	-2137.252895474453	0.02	3.5	3.5	0.39999999999999997	0.39999999999999997	83.12406323694964	47.49430483234583
36.22414991427344	8.859223047546529e-12	0.08663468044332148	7.545016185816396e-14	0.0866345531853638	6.061376587297486e-13	0.0031179780900501197	2.429360289028993e-14	0.0	0.03610691279619904	1.8467938303025078	2371.1758291775363	2372.068557979415	-4743.244387156951	20.52961731593657	-2371.1758291775363	0.02	3.6	3.6	0.39999999999999997	0.39999999999999997	83.12406323694964	47.49430483234583
37.047326378495384	2.344843126633224e-11	0.08336690033947138	5.706865193921793e-14	0.08336670509910116	8.051132481831351e-13	0.0030591292950683724	5.328134938705653e-15	0.0	0.03754319138440208	1.912261638450725	2620.69568481057	2621.611787830797	-5242.307472641367	21.178294920680067	-2620.69568481057	0.02	3.7	3.7	0.39999999999999997	0.39999999999999997	83.12406323694964	47.49430483234583
37.87992637571679	4.136584561757577e-12	0.0803970485389407	5.1131349807748825e-14	0.0803965387467347	7.998714844200176e-14	0.0030051392004292426	8.503121161904563e-16	0.0	0.039044438050978694	1.978327065112269	2885.218404495045	2886.1580664399207	-5771.376470934965	21.826272711126812	-2885.218404495045	0.02	3.8	3.8	0.39999999999999997	0.39999999999999997	83.12406323694964	47.49430483234583
38.72119500895052	1.2092957847121069e-11	0.07770389030418338	4.851382083881381e-14	0.0777027475632259	4.4949713653661864e-13	0.0029554652083639663	4.3271414139015176e-15	0.0	0.04061604181681501	2.044953834531713	3163.8518067467053	3164.815269834988	-6328.6670765816925	22.47359829922447	-3163.8518067467053	0.02	3.9	3.9	0.39999999999999997	0.39999999999999997	83.12406323694964	47.49430483234583
39.57038280437171	1.7015852045259e-10	0.07526899325914425	2.055061690692025e-12	0.07526709788288757	1.926713669171251e-12	0.0029096310056011517	3.0015751725320434e-14	0.0	0.04226409126660928	2.11210354414778	3455.384126040345	3456.371684099442	-6911.755810139787	23.120297417897795	-3455.384126040345	0.02	4.0	4.0	0.39999999999999997	0.39999999999999997	83.12406323694964	47.49430483234583
40.426878735516766	2.177438193943712e-11	0.07307512879412664	1.0419894412996603e-14	0.07307261727755643	7.268970538967586e-13	0.002867210976194705	4.207272981909142e-16	0.0	0.04399559063871161	2.1797338108435613	3758.2663651362577	3759.2783575958138	-7517.544722732071	23.766367255212288	-3758.2663651362577	0.02	4.1	4.1	0.39999999999999997	0.39999999999999997	83.12406323694964	47.49430483234583
41.29029260901285	5.51040321093146e-11	0.07110582715631246	1.4083661117598138e-13	0.07110287791654336	9.010465148321876e-13	0.0028278195487286104	3.4392829532788696e-15	0.0	0.04581873143254445	2.2477974663134503	4070.5987695660524	4071.635575694099	-8142.234345260151	24.411771716988493	-4070.5987695660524	0.02	4.2	4.2	0.39999999999999997	0.39999999999999997	83.12406323694964	47.49430483234583
42.160368777133264	3.633048866358724e-10	0.0693458193017458	1.9231889656304656e-12	0.06934237035511147	9.745466690116698e-12	0.0027911046714806766	5.225415254668264e-14	0.0	0.047743227721506284	2.3162421138459317	4390.121449728312	4391.1834832121185	-8781.304932940431	25.05643938667057	-4390.121449728312	0.02	4.3	4.3	0.39999999999999997	0.39999999999999997	83.12406323694964	47.49430483234583
43.036789231500855	6.978987666364424e-11	0.06778147682427788	8.170955059678985e-13	0.06777710579391298	2.2193807007210702e-12	0.0027567424511300044	2.912001794276505e-14	0.0	0.04978072450659404	2.3850087336139043	4714.208892981595	4715.296596840543	-9429.505489822139	25.70026467874721	-4714.208892981595	0.02	4.4	4.4	0.39999999999999997	0.39999999999999997	83.12406323694964	47.49430483234583
43.91902535242707	9.324203478007671e-12	0.06640056781277175	1.2518501809628906e-13	0.06639459609651785	7.720690380547441e-13	0.0027244300927339762	2.9099108143049653e-15	0.0	0.05194529277885425	2.4540284152116243	5039.867864162783	5040.981705975482	-10080.849570138265	26.343112179591962	-5039.867864162783	0.02	4.5	4.5	0.39999999999999997	0.39999999999999997	83.12406323694964	47.49430483234583
44.80636557933552	2.6602729825335285e-11	0.06519122432172146	2.7406502095573114e-13	0.06518293754704652	6.368508313955261e-14	0.002693876174595812	7.481423047176021e-15	0.0	0.05425403371288606	2.5232170768640203	5363.7380318739815	5364.878499356857	-10728.616531230839	26.984823670738905	-5363.7380318739815	0.02	4.6	4.6	0.39999999999999997	0.39999999999999997	83.12406323694964	47.49430483234583
45.69813125264479	4.28363059270815e-12	0.064140491419647	3.0748552945427616e-14	0.06412932280803621	4.1220219720561886e-13	0.0026647898792494205	2.564782348855418e-15	0.0	0.056727827931339174	2.592468611306642	5682.0946350861295	5683.262232098815	-11365.356867184944	27.625226936619015	-5682.0946350861295	0.02	4.7	4.7	0.39999999999999997	0.39999999999999997	83.12406323694964	47.49430483234583
46.59396669026082	5.407288820261785e-12	0.06323300525146237	7.643912646590483e-14	0.06321859908108493	1.9465679265176877e-12	0.0026368729512261263	1.6817846205921066e-15	0.0	0.059392284398561646	2.6616469974025945	5990.852701749676	5992.047944820737	-11982.900646570411	28.264145143622823	-5990.852701749676	0.02	4.8	4.8	0.39999999999999997	0.39999999999999997	83.12406323694964	47.49430483234583
47.49403226572621	9.55910401019295e-12	0.062450160526333745	1.4485222563473746e-13	0.06243233799933308	7.42229339153714e-13	0.00260981851510666	8.740977850805971e-15	0.0	0.06227896757269856	2.7305773934396176	6285.572894782771	6286.796310224764	-12572.369205007537	28.901405241445953	-6285.572894782771	0.02	4.9	4.9	0.39999999999999997	0.39999999999999997	83.12406323694964	47.49430483234583
48.39898728514253	3.326038894036756e-10	0.06176970450148616	1.4061330305402977e-12	0.061748414690245036	1.5086505081466247e-12	0.0025833192408160803	1.096987667615637e-15	0.0	0.06542701113257349	2.7990353000631005	6561.470288621469	6562.722410286949	-13124.192698908417	29.536843277630343	-6561.470288621469	0.02	5.0	5.0	0.39999999999999997	0.39999999999999997	83.12406323694964	47.49430483234583
49.309768135835604	2.2441710780820266e-10	0.06116539981785371	3.129214817211874e-13	0.061140727935819324	8.569124399803413e-12	0.002557085515847026	2.0555469203882036e-14	0.0	0.06888526134016666	2.866732204037572	6813.429891568918	6814.711259361043	-13628.14115092996	30.17030343622112	-6813.429891568918	0.02	5.1	5.1	0.39999999999999997	0.39999999999999997	83.12406323694964	47.49430483234583
50.22724173801853	6.272016190916538e-12	0.060606510421634514	1.1188114144645603e-13	0.060578760605536464	3.36431885913487e-13	0.0025308740911914817	2.9223796824050638e-15	0.0	0.07271512734976993	2.9332962489150916	7036.037787199896	7037.348946701588	-14073.386733901483	30.801625751020836	-7036.037787199896	0.02	5.2	5.2	0.39999999999999997	0.39999999999999997	83.12406323694964	47.49430483234583
51.151811603654515	2.1937362571031876e-11	0.06005734597496455	5.436438369949765e-13	0.060027152363063406	7.299839127000143e-13	0.002504528291691768	7.484952985489047e-16	0.0	0.07699432247670893	2.9982476412094092	7223.64676907793	7224.98827312633	-14448.63504220426	31.430614774924273	-7223.64676907793	0.02	5.3	5.3	0.39999999999999997	0.39999999999999997	83.12406323694964	47.49430483234583
52.083028261494235	3.825514828959681e-11	0.05947777518954932	4.145804314173849e-15	0.05944614598087027	1.6784416695078962e-12	0.0024780289246007234	2.4128101862691508e-15	0.0	0.08182155012806197	3.0609714590048474	7370.513911257496	7371.886325215288	-14742.400236472784	32.05697909408356	-7370.513911257496	0.02	5.4	5.4	0.39999999999999997	0.39999999999999997	83.12406323694964	47.49430483234583
53.019275894331926	4.605782622695356e-11	0.058826336794183545	1.8644213794140136e-13	0.05879452581295151	4.635070020772131e-13	0.0024515462948093408	3.0406848862913324e-15	0.0	0.08732147519288946	3.1206993729544097	7471.074143535935	7472.478057967501	-14943.552201503437	32.680236559237215	-7471.074143535935	0.02	5.5	5.5	0.39999999999999997	0.39999999999999997	83.12406323694964	47.49430483234583
53.95771451432968	6.453228793348864e-12	0.05806809769773567	2.885791717286869e-14	0.05803725164523186	7.798492349829072e-13	0.0024254664858134327	3.9031470700791465e-15	0.0	0.09364609658720978	3.176545687353825	7520.39920870262	7521.835266517555	-15042.234475220175	33.29963087653326	-7520.39920870262	0.02	5.6	5.6	0.39999999999999997	0.39999999999999997	83.12406323694964	47.49430483234583
54.894927021033226	2.61735554833286e-11	0.05718941331567062	1.955364043416786e-13	0.05716007232347827	5.53885008529546e-13	0.002400343898069164	5.8362145690788276e-15	0.0	0.10095413868320449	3.2278024334130717	7514.467306522777	7515.936246053076	-15030.403552575852	33.91439520282381	-7514.467306522777	0.02	5.7	5.7	0.39999999999999997	0.39999999999999997	83.12406323694964	47.49430483234583
55.8295914132677	1.6300860008057298e-10	0.0562210777028415	2.8090438254750603e-12	0.05619297462792373	3.5547761553497847e-12	0.0023767168215849048	7.915923209653483e-14	0.0	0.10929048994945359	3.2754621950722367	7447.655830680198	7449.158469131991	-14896.81429981219	34.52584640601382	-7447.655830680198	0.02	5.8	5.8	0.39999999999999997	0.39999999999999997	83.12406323694964	47.49430483234583
56.76830884855676	1.8453756318176362e-11	0.05526144079510789	2.3027597295933074e-13	0.05523616211618903	4.688827714782451e-13	0.0023548152677435852	9.630076402370724e-15	0.0	0.11830606548325506	3.326693098047909	7304.779990907339	7306.317112603059	-14611.0971035104	35.14259215210768	-7304.779990907339	0.02	5.9	5.9	0.39999999999999997	0.39999999999999997	83.12406323694964	47.49430483234583
2681.733831525549	4.2088071820008295e-07	55.95846741854236	8.803592404750356e-09	55.95846741850469	8.83827696343931e-09	1.1707269049860065	1.848752160085488e-10	0.0	0.007142286319213033	0.620003698469614	1.6144122470143454	1.913487155952585	-3.5278994029669297	0.6850350327747741	-1.6144122470143454	0.02	0.2	0.2	0.6	0.6	83.12406323694964	47.49430483234583
1170.6918443767313	5.038693726995948e-08	24.15727891278284	1.0455345455155954e-09	24.15727891277669	1.0445827597736385e-09	0.5015317220768825	2.1675159906857144e-11	0.0	0.007297173139712832	0.6271606696882178	3.9295997464244503	4.230613476758894	-8.160213223183344	0.8120849262585395	-3.9295997464244503	0.02	0.3	0.3	0.6	0.6	83.12406323694964	47.49430483234583
645.7288980408833	8.679307130854755e-10	13.12078419328698	1.7908397061381104e-11	13.120784193282553	1.7448809584324778e-11	0.26962033230527666	3.6094425485624823e-13	0.0	0.007513803488683101	0.6369299388808359	7.258476352554401	7.562895623733106	-14.821371976287505	0.9897646320219702	-7.258476352554401	0.02	0.4	0.4	0.6	0.6	83.12406323694964	47.49430483234583
406.3973256389732	2.366270735154304e-09	8.098807123645873	4.840058214095274e-11	8.098807123652755	4.8042012401702035e-11	0.16437343216453346	9.829181066039846e-13	0.0	0.007791552409378673	0.6490469971501759	11.680615143919674	11.990499924278453	-23.67111506819813	1.2175342593774923	-11.680615143919674	0.02	0.5	0.5	0.6	0.6	83.12406323694964	47.49430483234583
279.5389830732547	1.153683149446999e-09	5.443623308164341	2.3070393975377666e-11	5.443623308199414	2.3036404683770646e-11	0.10894345590078215	4.610866985134315e-13	0.0	0.008129247915759141	0.6631729724766058	17.288377245663035	17.60643019594589	-34.894807441608926	1.494381865175046	-17.288377245663035	0.02	0.6	0.6	0.6	0.6	83.12406323694964	47.49430483234583
205.5923753208742	8.10393422195064e-10	3.899866611634913	1.6087208937536856e-11	3.8998666117306313	1.5793789452884753e-11	0.07686841681084787	3.134203861819101e-13	0.0	0.008525171579984408	0.6789195702330215	24.182388518519232	24.51194956447968	-48.69433808299891	1.8188121663256271	-24.182388518519232	0.02	0.7	0.7	0.6	0.6	83.12406323694964	47.49430483234583
159.54599991252257	6.821661566788068e-10	2.940264944170992	1.3275378232881002e-11	2.9402649443808544	1.2894800419777419e-11	0.05703172150214831	2.511111608417637e-13	0.0	0.008977185035409802	0.6958853428824245	32.468980191821785	32.81398683277528	-65.28296702459707	2.1889373849693525	-32.468980191821785	0.02	0.8	0.8	0.6	0.6	83.12406323694964	47.49430483234583
129.40006832746752	5.7081972083664924e-11	2.3120596111392335	1.1686111936234495e-12	2.3120596115490404	1.1139680151985271e-12	0.04410927566294937	2.2814859784980125e-14	0.0	0.009482913215999323	0.7136913900419815	42.26031415423333	42.62525341114517	-84.8855675653785	2.602615022228672	-42.26031415423333	0.02	0.9	0.9	0.6	0.6	83.12406323694964	47.49430483234583
108.83580091653454	1.3559829905104718e-09	1.882486217017529	2.510955764344998e-11	1.8824862177623711	2.5008169512085124e-11	0.035311738350683394	4.629482425821187e-13	0.0	0.010039904943527137	0.7320054946399489	53.67726365320581	54.06713771546628	-107.7444013686721	3.057568516576139	-53.67726365320581	0.02	1.0	1.0	0.6	0.6	83.12406323694964	47.49430483234583
94.29552762564032	1.678726412165845e-09	1.57712242534107	3.032238977993523e-11	1.5771224266340818	2.8864638651726396e-11	0.0290823096671588	5.209471861273268e-13	0.0	0.01064572492026351	0.7505506533779586	66.85474205206185	67.27505991524853	-134.12980196731039	3.551453353567301	-66.85474205206185	0.02	1.1	1.1	0.6	0.6	83.12406323694964	47.49430483234583
83.673596028752	5.15393000982212e-10	1.3521914676207523	9.060218013605592e-12	1.3521914697877246	8.01288601997304e-12	0.02451057995875753	1.4129646834213316e-13	0.0	0.011297972779717919	0.7691010045145116	81.94908504436194	82.40588138573223	-164.35496643009415	4.081864684524508	-81.94908504436194	0.02	1.2	1.2	0.6	0.6	83.12406323694964	47.49430483234583
75.67378376454121	7.518879488748083e-11	1.1809492483976458	1.3393245428281292e-12	1.1809492519082145	1.3275599735272417e-12	0.02104415324175517	2.3526924151518007e-14	0.0	0.011994248859056264	0.7874712394338147	99.14708238923798	99.64695554625959	-198.79403793549756	4.646302025181635	-99.14708238923798	0.02	1.3	1.3	0.6	0.6	83.12406323694964	47.49430483234583
69.47129970982758	7.184768871428687e-11	1.0465268640836318	1.3608186536531655e-12	1.0465268695852972	1.260813008297124e-12	0.018337166816760637	2.3614692781606008e-14	0.0	0.012732090926254895	0.8055049626932297	118.67617085081254	119.22632471086663	-237.9024955616792	5.242110499123973	-118.67617085081254	0.02	1.4	1.4	0.6	0.6	83.12406323694964	47.49430483234583
64.52537815547768	2.825362104105951e-10	0.9379728181217188	4.644992530121405e-12	0.9379728264659994	4.941478987617475e-12	0.016166809283611114	8.117929339704192e-14	0.0	0.013508901485781587	0.8230654218229155	140.8151418510559	141.42341117521818	-282.2385530262741	5.866414560760428	-140.8151418510559	0.02	1.5	1.5	0.6	0.6	83.12406323694964	47.49430483234583
60.47103832972582	4.950010464455784e-11	0.8479790799502895	7.489107172416573e-13	0.8479790922351181	7.419553557315485e-13	0.014385633404518944	1.1228145951162468e-14	0.0	0.014321880654361276	0.8400303173975957	165.9045566985064	166.57939120545342	-332.4839479039598	6.516056564759773	-165.9045566985064	0.02	1.6	1.6	0.6	0.6	83.12406323694964	47.49430483234583
57.05449711688823	1.4659445147580455e-10	0.7715346647161533	2.2832613448330996e-12	0.7715346823424994	2.508164852881214e-12	0.01289354717734083	3.902872640427184e-14	0.0	0.015167978969221679	0.8562915887423587	194.3559499567649	195.10632938027126	-389.4622793370362	7.187552232954079	-194.3559499567649	0.02	1.7	1.7	0.6	0.6	83.12406323694964	47.49430483234583
54.093595801971446	3.421889426544547e-11	0.7051086370644412	5.610841421946585e-13	0.7051086618093377	8.297635679953005e-13	0.011620989927834478	1.3015273889370301e-14	0.0	0.016043888001121616	0.8717609772317089	226.65884471665782	227.49409629108428	-454.15294100774213	7.877078153764467	-226.65884471665782	0.02	1.8	1.8	0.6	0.6	83.12406323694964	47.49430483234583
51.45304554574621	7.214587325991839e-12	0.6461440902537867	8.878575691468188e-14	0.6461441243638166	1.6692138510463113e-13	0.010518638611075258	2.2565764704124925e-15	0.0	0.01694609182009327	0.8863823746244228	263.3845931007371	264.31408754548426	-527.6986806462212	8.580510951695524	-263.3845931007371	0.02	1.9	1.9	0.6	0.6	83.12406323694964	47.49430483234583
49.028742777915596	2.458228323589523e-10	0.5927389379594971	3.674349235086113e-12	0.5927389842587835	3.931423337653282e-12	0.009551009770925854	5.892819445295352e-14	0.0	0.017871003989858147	0.900152011364841	305.1861133386798	306.2188301098006	-611.4049434484804	9.29353942518279	-305.1861133386798	0.02	2.0	2.0	0.6	0.6	83.12406323694964	47.49430483234583
46.737849742819336	6.778891895519931e-11	0.543440305700827	9.87654238945173e-13	0.5434403677208169	1.2342083348184871e-12	0.008692418096272343	1.7836635844921053e-14	0.0	0.01881520486767053	0.91314706245112	352.7928161716587	353.9367979481448	-706.7296141198035	10.01186309874693	-352.7928161716587	0.02	2.1	2.1	0.6	0.6	83.12406323694964	47.49430483234583
44.512755071750874	9.0259377592437e-10	0.49710727097005564	1.675938695207664e-11	0.4971073530961206	1.4207939110303954e-11	0.007924358376215085	2.645540497340262e-13	0.0	0.019775765188678233	0.925562271906912	407.0005544821442	408.26231364360194	-815.2628681257461	10.731466814205202	-407.0005544821442	0.02	2.2	2.2	0.6	0.6	83.12406323694964	47.49430483234583
42.297995361751646	7.674095273092416e-11	0.45281259761885334	1.364659277539635e-12	0.45281270531112777	1.1031243719763606e-12	0.007233721020374659	1.959802973608557e-14	0.0	0.02075059665370246	0.9377536694619963	468.6573744370987	470.04135760495745	-938.6987320420562	11.448922580701709	-468.6573744370987	0.02	2.3	2.3	0.6	0.6	83.12406323694964	47.49430483234583
40.050211284224076	1.5412344089773405e-11	0.4097650256282033	2.140171011278157e-13	0.4097651655715956	2.3817218327291177e-13	0.0066114522623940564	3.1792102180602816e-15	0.0	0.02173873040079992	0.9502904752140807	538.6469619337736	540.1551964125763	-1078.8021583463499	12.161634680017958	-538.6469619337736	0.02	2.4	2.4	0.6	0.6	83.12406323694964	47.49430483234583
37.74283045199989	5.01539998767897e-12	0.367246146928019	7.287730936980203e-14	0.3672463272507084	7.385790270116718e-14	0.006051367810422594	1.1882117350790485e-15	0.0	0.022740424506028468	0.964022953860547	617.8723265381861	619.5043400928423	-1237.3766666310285	12.86794161906441	-617.8723265381861	0.02	2.5	2.5	0.6	0.6	83.12406323694964	47.49430483234583
35.38026291108709	6.648593351213372e-12	0.3245815679843368	1.5541771911676211e-13	0.32458179827981165	2.6026431471863145e-13	0.005548771303012214	4.724556405960623e-15	0.0	0.023757058052542246	0.9801837549825746	707.2418100429337	708.994834837692	-1416.236644880626	13.567034526856379	-707.2418100429337	0.02	2.6	2.6	0.6	0.6	83.12406323694964	47.49430483234583
33.03137801703768	1.1284350136166882e-11	0.2812398648208957	2.1763306959698933e-13	0.28124015569946526	2.944021285345024e-13	0.00509822975833467	5.323809565315793e-15	0.0	0.024790854576858652	1.0005376771152747	807.6579616390992	809.5273424468256	-1617.1853040859248	14.258725096397118	-807.6579616390992	0.02	2.7	2.7	0.6	0.6	83.12406323694964	47.49430483234583
30.891289455417354	3.460968165704126e-12	0.23735475626184915	7.387377348033245e-14	0.23735511767562303	1.3828631849893712e-14	0.0046898656400244125	2.2446720508445923e-16	0.0	0.02584455584455356	1.027509049640633	920.0076008420375	921.9872818574715	-1841.9948826995092	14.943165387650076	-920.0076008420375	0.02	2.8	2.8	0.6	0.6	83.12406323694964	47.49430483234583
29.324466759829562	9.51714780659911e-11	0.19513645133763366	1.2540635917616806e-12	0.19513688878701163	3.76385399668152e-12	0.004308015800371963	4.8858797748248776e-14	0.0	0.026921277680984467	1.0638263548447988	1045.1474387242704	1047.2304630381568	-2092.3779017624265	15.620713133381118	-1045.1474387242704	0.02	2.9	2.9	0.6	0.6	83.12406323694964	47.49430483234583
28.672549794855243	8.727411027480321e-11	0.15981936518495524	6.828659035985561e-13	0.15981987576776766	1.5905312270768298e-12	0.003947810910227966	1.2479482465424526e-14	0.0	0.028024896358435976	1.1106578917128607	1183.873918947981	1186.0530770486089	-2369.9269959965895	16.29222534510277	-1183.873918947981	0.02	3.0	3.0	0.6	0.6	83.12406323694964	47.49430483234583
28.839908183292827	1.5214394306038714e-10	0.13525565870024667	2.6133208997372487e-12	0.13525623069509965	2.7663593437964297e-12	0.0036342406725975193	4.598199516307139e-14	0.0	0.029160509757701108	1.1654188533112748	1336.8832344031703	1339.1519526668662	-2676.035187070037	16.95942010862998	-1336.8832344031703	0.02	3.1	3.1	0.6	0.6	83.12406323694964	47.49430483234583
29.43260250681707	7.289414905020664e-11	0.11937403395302601	1.1922989545840438e-12	0.11937464360601782	2.0947788363836093e-12	0.0033859679131453125	3.129128475681724e-14	0.0	0.030333464565694586	1.2238993485706666	1504.7639957370197	1507.1168520393442	-3011.880847776363	17.624091980185568	-1504.7639957370197	0.02	3.2	3.2	0.6	0.6	83.12406323694964	47.49430483234583
30.196346736247087	7.523024493942196e-12	0.10826779604697254	2.550927442994959e-13	0.1082684175315268	9.202776696030868e-13	0.0031925525638757143	1.7086074871633057e-14	0.0	0.03154825598600902	1.2836884064149583	1688.0028362733833	1690.4353882983849	-3378.4382245717684	18.287176883083756	-1688.0028362733833	0.02	3.3	3.3	0.6	0.6	83.12406323694964	47.49430483234583
31.041176094163724	9.796034236607756e-12	0.09958552260747425	7.046584993790739e-14	0.09958616456265049	2.721625217582194e-13	0.003036591031663634	4.04871502401502e-15	0.0	0.0328088152825947	1.3441020623991873	1886.9567785748504	1889.4652624506843	-3776.4220410255343	18.948944594741114	-1886.9567785748504	0.02	3.4	3.4	0.6	0.6	83.12406323694964	47.49430483234583
31.93899591545697	1.6747566603924485e-11	0.09227705783282862	1.4077899488197302e-13	0.09227775125402538	2.0914929790776187e-13	0.002905784511700549	2.291380577797842e-15	0.0	0.034119016411813606	1.4050898409108374	2101.8127294849014	2104.393898560129	-4206.206628045031	19.609441320781364	-2101.8127294849014	0.02	3.5	3.5	0.6	0.6	83.12406323694964	47.49430483234583
32.87838053995206	1.824790955140673e-11	0.08588076126387684	2.068218305267298e-13	0.08588150720481694	2.7850469709695296e-13	0.0027927715642395274	4.9411593710373285e-15	0.0	0.035482898070615596	1.4667221091528404	2332.5516231462325	2335.202675855953	-4667.754299002186	20.268687547372146	-2332.5516231462325	0.02	3.6	3.6	0.6	0.6	83.12406323694964	47.49430483234583
33.852336321204874	4.542245004874202e-12	0.08017151850069089	5.921739203974942e-14	0.08017230931626668	3.178299340137116e-13	0.002693134466314963	1.199325664266197e-16	0.0	0.03690477397892423	1.5290533158314643	2578.9170841942528	2581.6356224406163	-5160.552706634869	20.926725214657164	-2578.9170841942528	0.02	3.7	3.7	0.6	0.6	83.12406323694964	47.49430483234583
34.85547082285302	1.9237534742283513e-12	0.07502172951303601	1.4643835335555427e-13	0.07502256083980452	4.828920618145732e-14	0.0026040803556518057	3.699515431994292e-16	0.0	0.0383893324907157	1.5921021661381933	2840.38700493177	2843.1710004935007	-5683.558005425271	21.583615468272114	-2840.38700493177	0.02	3.8	3.8	0.6	0.6	83.12406323694964	47.49430483234583
35.88341007967827	8.2862865088398e-11	0.07034739774921896	1.006947150893855e-12	0.07034822751055227	2.157664871940594e-12	0.002523728485505998	2.6415231492523097e-14	0.0	0.039941754326921174	1.655858142878856	3116.1478814959	3118.9956442345783	-6235.143525730479	22.239424578739126	-3116.1478814959	0.02	3.9	3.9	0.6	0.6	83.12406323694964	47.49430483234583
36.93263738238727	1.6843102501368397e-11	0.0660867609070344	3.612042080505018e-13	0.06608755224185273	3.6956773155963653e-13	0.002450733225870255	1.0635472972109713e-14	0.0	0.04156786281329264	1.7202905952167733	3405.0723655257752	3407.982512179195	-6813.05487770497	22.894209248667234	-3405.0723655257752	0.02	4.0	4.0	0.6	0.6	83.12406323694964	47.49430483234583
38.00039277347824	3.751511146681376e-11	0.062191242649193054	1.1902960835463798e-12	0.06219201866415326	6.013507775219137e-13	0.0023840825512716473	2.5172846868506483e-14	0.0	0.04327431661671723	1.7853552891026931	3705.700550811015	3708.6719746429517	-7414.372525453967	23.548004532818727	-3705.700550811015	0.02	4.1	4.1	0.6	0.6	83.12406323694964	47.49430483234583
39.084579861793515	5.112540639863432e-12	0.058621484401356706	7.0647834263654e-14	0.05862224629623983	5.159716641245166e-13	0.0023229860995760314	9.587900031643255e-15	0.0	0.04506885329604915	1.8509984124589098	4016.225351994437	4019.2571940151074	-8035.4825460095435	24.20081531536057	-4016.225351994437	0.02	4.2	4.2	0.6	0.6	83.12406323694964	47.49430483234583
40.18360568940487	1.9303021895201826e-11	0.055345747565485444	1.0724832710356172e-13	0.05534639222182598	5.986325139493647e-13	0.002266807799605613	2.6293317217533835e-15	0.0	0.046960590785876936	1.9171583631683247	4334.482070981285	4337.573693193434	-8672.05576417472	24.852611747134713	-4334.482070981285	0.02	4.3	4.3	0.6	0.6	83.12406323694964	47.49430483234583
41.29617859518445	3.74865232171534e-11	0.05233893191751639	4.791281833508413e-13	0.05233934781870684	1.0423689370425088e-11	0.0022150228824184843	1.312653773874418e-13	0.0	0.04896039332797602	1.9837651806654832	4657.94195444146	4661.09291513049	-9319.034869571951	25.503328731989072	-4657.94195444146	0.02	4.4	4.4	0.6	0.6	83.12406323694964	47.49430483234583
42.421189783920724	1.2690701191742787e-11	0.04958142507896334	9.625627906117116e-14	0.049581643665137495	2.2302074754422725e-13	0.002167189740749998	3.0214856503457014e-15	0.0	0.05108131197303443	2.0507380735981413	4983.709265713025	4986.919296744796	-9970.62856245782	26.152869155294994	-4983.709265713025	0.02	4.5	4.5	0.6	0.6	83.12406323694964	47.49430483234583
43.55770952807656	9.519562142386339e-11	0.04705819021726131	1.8493543419089887e-12	0.0470583509055164	3.5099989916121434e-12	0.0021229296967796817	7.123425753910517e-14	0.0	0.05333911809561936	2.117982014423973	5308.521163092088	5311.790149351662	-10620.311312443748	26.801110330798863	-5308.521163092088	0.02	4.6	4.6	0.6	0.6	83.12406323694964	47.49430483234583
44.7049897439837	5.688594059238654e-13	0.04475860826205662	5.782296320562129e-15	0.04475874450928491	6.421439790948618e-14	0.0020819098243330856	1.2795675068076922e-15	0.0	0.05575295880359448	2.185383668960424	5628.749540864282	5632.077501956393	-11260.827042820674	27.4479131076703	-5628.749540864282	0.02	4.7	4.7	0.6	0.6	83.12406323694964	47.49430483234583
45.86239514776092	1.5912880263019248e-11	0.04267676517268956	3.920475183989745e-14	0.04267666472406937	9.235402063134888e-13	0.0020438268177547267	1.1448852419683919e-17	0.0	0.05834617519131137	2.252805764950646	5940.404005233415	5943.791079402836	-11884.195084636252	28.093132934753836	-5940.404005233415	0.02	4.8	4.8	0.6	0.6	83.12406323694964	47.49430483234583
47.02933384418312	5.056623411550491e-11	0.04081138156579209	3.485428782607881e-13	0.040810703232316135	5.350139443056956e-14	0.0020083915165212663	3.801849351379091e-15	0.0	0.06114734074207632	2.320078667130721	6239.135394300253	6242.581824521772	-12481.717218822025	28.736631765481697	-6239.135394300253	0.02	4.9	4.9	0.6	0.6	83.12406323694964	47.49430483234583
48.205328064209986	3.568477964835913e-12	0.03916494912507173	7.840503052099377e-14	0.039163501622715646	1.8597053552850158e-12	0.0019753138003427745	8.336582777864882e-16	0.0	0.06419160013877344	2.386988524055138	6520.239835083211	6523.745957574038	-13043.98579265725	29.378289101721354	-6520.239835083211	0.02	5.0	5.0	0.6	0.6	83.12406323694964	47.49430483234583
49.3902814958162	5.094099678892719e-12	0.03774226857338221	7.51771172189252e-15	0.03774018982046754	9.978838362873203e-15	0.0019442877609718086	1.290783838375514e-15	0.0	0.06752241749689872	2.45326203176114	6778.664531753934	6782.230767705187	-13560.89529945912	30.018009814079907	-6778.664531753934	0.02	5.1	5.1	0.6	0.6	83.12406323694964	47.49430483234583
50.58485680818255	1.668590234922161e-10	0.036548718472294746	9.177420426783563e-13	0.036546384017972805	5.537412182847333e-12	0.001914978361171506	3.081524490991767e-14	0.0	0.07119387293733268	2.5185479904078094	7009.018864455262	7012.64571648558	-14021.664580940842	30.65572553388999	-7009.018864455262	0.02	5.2	5.2	0.6	0.6	83.12406323694964	47.49430483234583
51.7908102470521	6.136475057478066e-11	0.03558806641271371	1.9775354418581409e-13	0.03558578885437067	1.2245957523511125e-12	0.00188701314306062	3.15733694647045e-15	0.0	0.07527366511236519	2.5823956860742947	7205.599058915892	7209.287114683829	-14414.88617359972	31.291385151942958	-7205.599058915892	0.02	5.3	5.3	0.6	0.6	83.12406323694964	47.49430483234583
53.01117055109667	1.6379904238731486e-10	0.03485897678958965	1.0469489242212469e-12	0.034856718846708754	6.825239267278636e-13	0.0018599857231327357	4.81116100842392e-15	0.0	0.07984694518078414	2.6442309604121674	7362.44363935697	7366.19358634537	-14728.637225702341	31.924928316696786	-7362.44363935697	0.02	5.4	5.4	0.6	0.6	83.12406323694964	47.49430483234583
54.25020049460873	2.1601976792366608e-11	0.034349293952851495	7.257547223537585e-14	0.03434659817476127	4.517384404217709e-13	0.0018334820043767724	2.119698653738024e-15	0.0	0.08502087658920782	2.7033350410998884	7473.452653456214	7477.265312073657	-14950.717965529871	32.55623545918694	-7473.452653456214	0.02	5.5	5.5	0.6	0.6	83.12406323694964	47.49430483234583
55.51303849766333	1.8191930153585965e-11	0.03402812029488793	3.007197903564979e-15	0.034024302923346336	1.4925067065155275e-13	0.0018071453142962	4.2595863831674786e-15	0.0	0.09092877257221745	2.7588456538056576	7532.623420154214	7536.499808548202	-15069.123228702416	33.18505771137905	-7532.623420154214	0.02	5.6	5.6	0.6	0.6	83.12406323694964	47.49430483234583
56.804789207171424	3.028877603101273e-11	0.03383770787212938	2.1565985386091206e-13	0.03383218569120911	1.8766662552824503e-12	0.001780805714761693	1.0604018554546885e-14	0.0	0.09772803102472874	2.80985540477408	7534.426679513567	7538.36813312649	-15072.794812640059	33.81099370930672	-7534.426679513567	0.02	5.7	5.7	0.6	0.6	83.12406323694964	47.49430483234583
58.128698930101834	1.2091391384368372e-10	0.033690309317709326	2.5882356651750454e-12	0.03368283419186027	6.41460275130386e-13	0.0017547380519460447	1.4631088131490462e-14	0.0	0.10556440097700996	2.855941303364353	7473.901561621711	7477.909917557163	-14951.811479178874	34.43391031339078	-7473.901561621711	0.02	5.8	5.8	0.6	0.6	83.12406323694964	47.49430483234583
59.48294897193623	2.155915504849443e-11	0.033482177748674506	3.6238557457236794e-14	0.033472874134855626	1.388814400281631e-13	0.0017303300836650959	7.321847301264546e-17	0.0	0.11438243229481528	2.899785089888495	7343.612970160168	7347.690665260101	-14691.303635420269	35.05661837590209	-7343.612970160168	0.02	5.9	5.9	0.6	0.6	83.12406323694964	47.49430483234583
60.85483083810168	3.285875728681418e-11	0.03313023197367373	1.2730604958994448e-13	0.03312179144065503	3.822319380228408e-13	0.0017116889958726505	1.8076838113959366e-15	0.0	0.1236142232779464	2.9562388852226817	7118.710637299406	7122.8606124525995	-14241.571249752003	35.69501242962768	-7118.710637299406	0.02	6.0	6.0	0.6	0.6	83.12406323694964	47.49430483234583
113126.56076408806	0.0004937734809523416	2370.4867308471617	1.0347181628457831e-05	2370.486730850136	1.0347751240095145e-05	49.674938880835775	2.1684064103180593e-07	0.0	0.007078722160793347	0.6165111592575818	1.5481177467388325	1.8510393281899407	-3.3991570749287723	0.6328212873133192	-1.5481177467388325	0.02	0.2	0.2	1.0	1.0	83.12406323694964	47.49430483234583
48254.210725831625	5.679719626978507e-05	1005.0939513022186	1.1831739316821035e-06	1005.0939512992197	1.1850518141398341e-06	20.93830329660684	2.468653963454342e-08	0.0	0.007154915060564454	0.619457009904251	3.7582105800856143	4.068453192328788	-7.826663772414401	0.695231402474232	-3.7582105800856143	0.02	0.3	0.3	1.0	1.0	83.12406323694964	47.49430483234583
25635.11483868518	1.9740009181348035e-05	529.5108197580174	4.078642526318762e-07	529.5108197577763	4.080694708521715e-07	10.940439417324416	8.431437843681168e-09	0.0	0.007263018972331346	0.623628931102271	6.902996938697404	7.225269280494384	-14.12826621919179	0.783774106167815	-6.902996938697404	0.02	0.4	0.4	1.0	1.0	83.12406323694964	47.49430483234583
15254.491583016828	2.8689664621794377e-06	311.7350524200099	5.867152048989938e-08	311.7350524199776	5.869206165603065e-08	6.373501137795002	1.2002287057153067e-09	0.0	0.007404448197745196	0.629071847367048	11.034751847457759	11.375474871329196	-22.41022671878696	0.8996005059082184	-11.034751847457759	0.02	0.5	0.5	1.0	1.0	83.12406323694964	47.49430483234583
9702.419456206146	5.049161286114698e-07	195.70888154366924	1.0219359821013022e-08	195.70888154372932	1.0234570726989172e-08	3.9506357604494764	2.0728982171331e-10	0.0	0.007580983629845734	0.6358390913590483	16.222921313600082	16.590612740008797	-32.81353405360889	1.0441575523210354	-16.222921313600082	0.02	0.6	0.6	1.0	1.0	83.12406323694964	47.49430483234583
6436.451860404046	4.298392922914059e-07	127.85911834495752	8.553266042316448e-09	127.85911834484209	8.271239670555684e-09	2.5428232031518947	1.6458059641768058e-10	0.0	0.007794727998001185	0.643988396387169	22.555640150279203	22.961208158843206	-45.516848309122416	1.2191490578106459	-22.555640150279203	0.02	0.7	0.7	1.0	1.0	83.12406323694964	47.49430483234583
4391.462223421291	2.0842355223963608e-07	85.72017268893057	4.076938958927629e-09	85.7201726889292	4.06387832493836e-09	1.6761089077273723	7.949469761240295e-11	0.0	0.008048033598771025	0.6535763590916572	30.141370257369452	30.598284805728	-60.73965506309745	1.4264729471669493	-30.141370257369452	0.02	0.8	0.8	1.0	1.0	83.12406323694964	47.49430483234583
3055.9893215405154	9.117278259944926e-09	58.48905343852649	1.7397360509679913e-10	58.48905343849947	1.8692372147350872e-10	1.12225274722313	3.570791502819163e-12	0.0	0.008343394809446207	0.6646512228438313	39.11049208529116	39.63479993789769	-78.74529202318885	1.6681279183431057	-39.11049208529116	0.02	0.9	0.9	1.0	1.0	83.12406323694964	47.49430483234583
2158.5886184815276	1.936414668928443e-07	40.42332537225402	3.639802505091752e-09	40.423325372243546	3.652005927829109e-09	0.7597624984181359	6.864646176123389e-11	0.0	0.008683301225483386	0.6772440912967289	49.616658264394516	50.226810771525145	-99.84346903591965	1.9460854900651752	-49.616658264394516	0.02	1.0	1.0	1.0	1.0	83.12406323694964	47.49430483234583
1543.756801309723	3.128523889419071e-08	28.229626895745284	5.745782263152113e-10	28.22962689573543	5.761868040641987e-10	0.5189218977279401	1.0582619765597843e-11	0.0	0.009070055164480667	0.6913591044795773	61.837752521011204	62.55422726837321	-124.3919797893844	2.262129876452315	-61.837752521011204	0.02	1.1	1.1	1.0	1.0	83.12406323694964	47.49430483234583
1116.9631934134773	3.3388796331803965e-08	19.9063331712746	6.001709283073822e-10	19.906333171260528	6.004303968927035e-10	0.35741148272618334	1.0786226192091536e-11	0.0	0.009505569601113022	0.7069636361571671	75.97643054032632	76.82115228390927	-152.79758282423558	2.617678415247251	-75.97643054032632	0.02	1.2	1.2	1.0	1.0	83.12406323694964	47.49430483234583
818.0448758483985	1.3489699710348899e-08	14.182653521919415	2.3637438566066944e-10	14.182653521903262	2.3684565245296655e-10	0.24846896684418432	4.149613904231119e-12	0.0	0.009991176644554033	0.7239800330068147	92.26046911215519	93.25607154184436	-185.51654065399956	3.013607279450812	-92.26046911215519	0.02	1.3	1.3	1.0	1.0	83.12406323694964	47.49430483234583
607.3624521623835	7.446315105047018e-10	10.225863238490694	1.2802607652995116e-11	10.225863238473789	1.2109534668823233e-11	0.1746843608619775	2.0793876484790472e-13	0.0	0.010527486298958562	0.7422805820153541	110.94346417175439	112.11247528029935	-223.05593945205374	3.4501158964929255	-110.94346417175439	0.02	1.4	1.4	1.0	1.0	83.12406323694964	47.49430483234583
458.1349072572682	6.464883708717176e-09	7.478352899366652	1.0794117737738062e-10	7.478352899350904	1.0731715376611996e-10	0.12452519253477375	1.7906680865003678e-12	0.0	0.011114332879967083	0.7616871119730945	132.30665405021972	133.6707204590407	-265.97737450926036	3.9266624811122575	-132.30665405021972	0.02	1.5	1.5	1.0	1.0	83.12406323694964	47.49430483234583
351.9558014013435	1.3332249050048393e-07	5.561621965621358	2.1769762207329327e-09	5.561621965683367	2.143769517991968e-09	0.09027435736553895	3.507855990024868e-11	0.0	0.011750828241242446	0.7819759837709028	156.662612894233	158.24188617668008	-314.904499070913	4.441988787367844	-156.662612894233	0.02	1.6	1.6	1.0	1.0	83.12406323694964	47.49430483234583
276.0379471913759	4.4971484849856e-09	4.216822904025214	7.16829498762027e-11	4.21682290404629	7.052311173522202e-11	0.06674492705527121	1.1255247008492896e-12	0.0	0.012435511735119146	0.802888448780443	184.36115124507813	186.1739323319836	-370.53508357706176	4.994228124884056	-184.36115124507813	0.02	1.7	1.7	1.0	1.0	83.12406323694964	47.49430483234583
221.4453014048603	2.682293580254019e-09	3.2663766141276698	4.190413913767574e-11	3.266376614210694	4.1312322410812595e-11	0.05044800803855234	6.436574460824645e-13	0.0	0.013166559363078824	0.8241455950231279	215.79706215719474	217.8597428427429	-433.65680499993755	5.5810671931148255	-215.79706215719474	0.02	1.8	1.8	1.0	1.0	83.12406323694964	47.49430483234583
181.9166814600316	3.1508356736426393e-10	2.5883899625233924	4.703530412883573e-12	2.5883899627319913	5.00964958373278e-12	0.039039557327256696	7.40483400501349e-14	0.0	0.013942001729466193	0.8454662566816079	251.41863084148696	253.74590248406912	-505.164533325556	6.199920277532824	-251.41863084148696	0.02	1.9	1.9	1.0	1.0	83.12406323694964	47.49430483234583
153.06147165029438	2.385592290984201e-09	2.09923835832818	3.525122638265679e-11	2.0992383587750107	3.53167447161392e-11	0.0309471150776607	5.217796508366807e-13	0.0	0.014759906560000627	0.8665853198848618	291.73537754485324	294.34061882218913	-586.0759963670423	6.848078090007862	-291.73537754485324	0.02	2.0	2.0	1.0	1.0	83.12406323694964	47.49430483234583
131.79974751795385	7.542791343286611e-09	1.7415725246683846	1.0892626482239484e-10	1.7415725255309655	1.0638585969897575e-10	0.025116602841677854	1.5350461585561957e-12	0.0	0.015618500856006494	0.8872692796909657	337.3234745487496	340.21919785356147	-677.5426724023112	7.522808784447798	-337.3234745487496	0.02	2.1	2.1	1.0	1.0	83.12406323694964	47.49430483234583
115.96904243009067	5.161011447851402e-10	1.4760342413958791	7.420541426296052e-12	1.476034242929943	7.500626436092013e-12	0.02084083801488815	1.0771691479292881e-13	0.0	0.016516229753971302	0.9073263543982915	388.82761946534504	392.0258519513096	-780.8534714166545	8.221406914276914	-388.82761946534504	0.02	2.2	2.2	1.0	1.0	83.12406323694964	47.49430483234583
104.04766735164029	1.5637294732738852e-09	1.2755479075826779	2.1288085328947594e-11	1.2755479101219376	2.1780611502670348e-11	0.017644025446743237	2.968287700603555e-13	0.0	0.01745176547713416	0.9266100305099714	446.9586892081202	450.47118246674563	-897.4298716748658	8.941200128618227	-446.9586892081202	0.02	2.3	2.3	1.0	1.0	83.12406323694964	47.49430483234583
94.96059010693152	3.293976701785554e-08	1.1214076695236828	4.4567134843988715e-10	1.1214076734636016	4.4969317426604285e-10	0.015204473644318513	6.078317212403635e-12	0.0	0.018423987203402006	0.945016841277811	512.4870637917247	516.325255419652	-1028.8123192113767	9.67953024435624	-512.4870637917247	0.02	2.4	2.4	1.0	1.0	83.12406323694964	47.49430483234583
87.94390242721519	1.0578340680625006e-09	1.0006107799166688	1.4169299929363221e-11	1.0006107857091235	1.4121508649211403e-11	0.013303193567548796	1.8917740835674905e-13	0.0	0.019431952417885794	0.9624805097957421	586.2319762343237	590.4066592275933	-1176.6386354619171	10.433725806661547	-586.2319762343237	0.02	2.5	2.5	1.0	1.0	83.12406323694964	47.49430483234583
82.45064676778512	4.1728472185888904e-10	0.9040486642211001	5.41347034425105e-12	0.9040486723679086	5.377373793118734e-12	0.011789848341836925	6.977951042703004e-14	0.0	0.02047487553716835	0.9789648844445458	669.0475606359219	673.5682491167001	-1342.6158097526222	11.201079985613706	-669.0475606359219	0.02	2.6	2.6	1.0	1.0	83.12406323694964	47.49430483234583
78.08559793357698	1.4626224925217562e-09	0.8252829015828437	1.8232596058598283e-11	0.8252829126834771	1.8218393817882084e-11	0.010560230327117186	2.263718369523808e-13	0.0	0.021552123356912926	0.9944575832449987	761.8064249240684	766.6804369892342	-1528.4868619133026	11.978843174709954	-761.8064249240684	0.02	2.7	2.7	1.0	1.0	83.12406323694964	47.49430483234583
74.56014312739018	3.808658557806488e-10	0.7597169898223274	4.746010040649599e-12	0.759717004643442	4.812531900146609e-12	0.009541346420445948	5.993025243293794e-14	0.0	0.022663231155638255	1.0089654365349752	865.3815776436898	870.6128891965533	-1735.9944668402431	12.764235439826452	-865.3815776436898	0.02	2.8	2.8	1.0	1.0	83.12406323694964	47.49430483234583
71.661019116693	1.7248525898587788e-10	0.7040345138487019	2.071507899770622e-12	0.7040345334210087	2.1207269914731026e-12	0.008681506947860825	2.5506304266384368e-14	0.0	0.02380793887829085	1.0225120622438457	980.6274097348667	986.2153671993345	-1966.842776934201	13.55448043682453	-980.6274097348667	0.02	2.9	2.9	1.0	1.0	83.12406323694964	47.49430483234583
69.22856340147115	8.607558946204311e-10	0.6558161860733895	1.017688295324402e-11	0.6558162117756877	1.0869532718812025e-11	0.00794370288825862	1.2869096798010014e-13	0.0	0.024986243720390322	1.035137390936548	1108.360204205127	1114.2982168236279	-2222.6584210287547	14.346859379603	-1108.360204205127	0.02	3.0	3.0	1.0	1.0	83.12406323694964	47.49430483234583
67.14148758006004	2.7446799498974384e-10	0.6132769900986064	3.0448773281445424e-12	0.6132770237254499	3.3121615157816973e-12	0.007301148115571607	3.677425673528923e-14	0.0	0.026198463323233685	1.0468986871016013	1249.3383642517585	1255.6127230520497	-2504.951087303808	15.138780788643512	-1249.3383642517585	0.02	3.1	3.1	1.0	1.0	83.12406323694964	47.49430483234583
65.3061253978429	9.670324415365916e-11	0.575084121210946	1.066005185265476e-12	0.5750841650174862	1.0748671591401121e-12	0.006734252664749355	1.1746408852624365e-14	0.0	0.02744530246242928	1.0578725401302933	1404.2422691157071	1410.8312519027922	-2815.0735210184994	15.927859019777749	-1404.2422691157071	0.02	3.2	3.2	1.0	1.0	83.12406323694964	47.49430483234583
63.64875964850729	1.0253911988705906e-09	0.5402294537226763	1.0579397851385515e-11	0.5402295104728058	1.1683292201118627e-11	0.006228547393573121	1.2048383577267035e-13	0.0	0.028727915689743887	1.068157378573404	1573.653442928031	1580.5268546246066	-3154.180297552638	16.711992308966842	-1573.653442928031	0.02	3.3	3.3	1.0	1.0	83.12406323694964	47.49430483234583
62.11007987606896	8.217001181581342e-10	0.5079389520583891	8.575650315243048e-12	0.507939025083134	9.151005466041283e-12	0.00577324620802761	9.548190861256543e-14	0.0	0.030047959281380363	1.0778762684189844	1758.0326013323906	1765.151861335953	-3523.1844626683433	17.489429945165945	-1758.0326013323906	0.02	3.4	3.4	1.0	1.0	83.12406323694964	47.49430483234583
60.6411326509571	5.365788716127362e-11	0.47760721878398754	5.259957359932962e-13	0.4776073120830152	5.837935964564939e-13	0.005360240096625855	5.769380205242907e-15	0.0	0.031407628416700306	1.0871800702703518	1957.6961527230515	1965.0149769387745	-3922.7111296618255	18.258818880824727	-1957.6961527230515	0.02	3.5	3.5	1.0	1.0	83.12406323694964	47.49430483234583
59.2003462257064	7.09668498066144e-10	0.44874920619990044	5.767350965334908e-12	0.44874932458418704	7.739935821677136e-12	0.004983387701839863	6.293564011129458e-14	0.0	0.0328096796405984	1.0962514244314818	2172.790884978797	2180.256529656563	-4353.047414635359	19.019222854569943	-2172.790884978797	0.02	3.6	3.6	1.0	1.0	83.12406323694964	47.49430483234583
57.75137779458077	1.580412190547477e-10	0.42096364539311926	1.5486962999261266e-12	0.4209637947044277	1.7255388057704128e-12	0.0046380130015448925	1.6929036741398224e-14	0.0	0.03425744353523623	1.1053104781417566	2403.2668548113506	2410.8218091127364	-4814.088663924087	19.770111443417015	-2403.2668548113506	0.02	3.7	3.7	1.0	1.0	83.12406323694964	47.49430483234583
56.26167554863717	2.9225254044606443e-10	0.3939043907659318	2.9138708995115027e-12	0.3939045781526833	3.1925438361934814e-12	0.004320550186080805	3.143138087691881e-14	0.0	0.03575483686617488	1.1146237615929777	2648.8488847267913	2656.432837660158	-5305.281722386949	20.51132124212465	-2648.8488847267913	0.02	3.8	3.8	1.0	1.0	83.12406323694964	47.49430483234583
54.70180439794527	3.161965215483717e-11	0.3672569425975386	1.3721871027807575e-13	0.36725717691501364	4.912072997950512e-13	0.00402829418376846	3.50356836256942e-15	0.0	0.03730638611271416	1.1245182149224155	2909.007506375938	2916.5593849732904	-5825.566891349228	21.24299527172782	-2909.007506375938	0.02	3.9	3.9	1.0	1.0	83.12406323694964	47.49430483234583
53.045805386991674	7.543833125452787e-11	0.3407181682565414	7.487674656190652e-13	0.3407184605614561	9.072410487028443e-13	0.00375922514399441	8.799906708683759e-15	0.0	0.03891727471463805	1.1354032033767345	3182.9305864732996	3190.390469839985	-6373.321056313285	21.965508837021723	-3182.9305864732996	0.02	4.0	4.0	1.0	1.0	83.12406323694964	47.49430483234583
51.27323557550335	1.7083104137012584e-12	0.31397810985806246	3.1587638201373025e-14	0.31397847397255	1.9089857342846965e-14	0.003511876309942502	6.613691474747866e-16	0.0	0.04059342479012267	1.1478046235042083	3469.4971349027046	3476.807886943306	-6946.30502184601	22.679390182418615	-3469.4971349027046	0.02	4.1	4.1	1.0	1.0	83.12406323694964	47.49430483234583
49.37422954091646	1.504429348567378e-10	0.2867047323875017	1.6848064556893916e-12	0.2867051854011729	1.527242942926605e-12	0.003285201973835355	1.7112837708691546e-14	0.0	0.042341621229330266	1.1624169785668885	3767.2548362025987	3774.3633556843442	-7541.618191886942	23.38524286385842	-3767.2548362025987	0.02	4.2	4.2	1.0	1.0	83.12406323694964	47.49430483234583
47.3601793247095	9.24343952345575e-11	0.25853841522563226	8.179812794519913e-13	0.25853897765123407	7.380765081520488e-13	0.0030783617035540344	6.665478394835478e-15	0.0	0.04416968297630176	1.1801808274867147	4074.402609547109	4081.2606556949117	-8155.66326524202	24.08367458712287	-4074.402609547109	0.02	4.3	4.3	1.0	1.0	83.12406323694964	47.49430483234583
45.28450197015484	2.170243967175578e-10	0.22912125203068773	2.0662201336876192e-12	0.22912194705121045	2.8359398298061165e-12	0.002890245298771241	2.6658678869394568e-14	0.0	0.046086684847464844	1.2023897925910647	4388.778941738261	4395.343547079776	-8784.122488818037	24.775235751642363	-4388.778941738261	0.02	4.4	4.4	1.0	1.0	83.12406323694964	47.49430483234583
43.2784896411397	6.225982370714617e-11	0.1982366911360525	6.657100189741893e-13	0.19823754204078597	6.280917877809255e-13	0.0027184372030934776	6.755986863174872e-15	0.0	0.04810323881887325	1.2308048601543211	4707.855654079552	4714.089185606089	-9421.94483968564	25.460373621684457	-4707.855654079552	0.02	4.5	4.5	1.0	1.0	83.12406323694964	47.49430483234583
41.59494443632278	2.177384443536809e-10	0.16623227474157554	1.737791347116113e-12	0.1662332996584914	3.684530411902685e-12	0.0025575390867415685	2.948123584908284e-14	0.0	0.0502318727612503	1.2676456194241863	5028.734393680147	5034.604394966766	-10063.338788646915	26.139424931450186	-5028.734393680147	0.02	4.6	4.6	1.0	1.0	83.12406323694964	47.49430483234583
40.595791408574854	4.176284741207875e-11	0.13484947087984572	5.558767905811079e-13	0.13485067623390345	6.702625259647524e-13	0.0023988581556880564	8.562839354406588e-15	0.0	0.05248762343905278	1.315051113097559	5348.13839716123	5353.617489717526	-10701.755886878756	26.812714445851753	-5348.13839716123	0.02	4.7	4.7	1.0	1.0	83.12406323694964	47.49430483234583
40.549057900338894	4.74260681724778e-11	0.10755849741282088	8.146059413616843e-13	0.10755987860577029	6.377863404838834e-13	0.002237201531062705	1.0460902575931452e-14	0.0	0.05488899610074051	1.3735030157463282	5662.3911218696485	5667.457358412619	-11329.848480282268	27.480831716426962	-5662.3911218696485	0.02	4.8	4.8	1.0	1.0	83.12406323694964	47.49430483234583
41.34407381623125	2.0210534092644783e-10	0.08727570465322673	2.4094999803010146e-12	0.0872772608340439	2.8272974783114464e-12	0.0020808700822608868	3.5098310115437145e-14	0.0	0.057458981437633054	1.4403258995858885	5967.400903335183	5972.038392479057	-11939.439295814242	28.144845228423627	-5967.400903335183	0.02	4.9	4.9	1.0	1.0	83.12406323694964	47.49430483234583
42.61487088381399	1.521696232019941e-11	0.07359145129664679	7.47450566428911e-14	0.07359319126596243	1.9003091105285718e-13	0.0019434821261175837	2.214021417559337e-16	0.0	0.06022533764131232	1.5111085920814842	6258.695923534658	6262.894517620918	-12521.590441155575	28.805939038594612	-6258.695923534658	0.02	5.0	5.0	1.0	1.0	83.12406323694964	47.49430483234583
44.09340787809186	5.378799808981524e-12	0.06411151268311888	1.4804822749104764e-13	0.06411343038107355	1.1183999803743933e-13	0.0018290669413041668	2.7958559219097912e-15	0.0	0.06322074981907962	1.5825709497565101	6531.476192529338	6535.229999732281	-13066.706192261618	29.46485738341871	-6531.476192529338	0.02	5.1	5.1	1.0	1.0	83.12406323694964	47.49430483234583
45.67598054642718	3.769471551302167e-12	0.05685091536221282	7.594852418219584e-14	0.05685297234292452	7.484852884708205e-14	0.0017337837629145727	3.2928341544973567e-15	0.0	0.06648410241823566	1.6532091006323113	6780.617985937789	6783.923943122854	-13564.541929060642	30.121881424180728	-6780.617985937789	0.02	5.2	5.2	1.0	1.0	83.12406323694964	47.49430483234583
47.335978270529964	3.166027688497955e-13	0.05073344036191079	1.6126637457531685e-14	0.050735603625322735	6.659301330820653e-14	0.001652558425264276	1.1581300625327911e-15	0.0	0.07006251604966778	1.722463982591073	7000.648345825201	7003.505457831336	-14004.153803656536	30.777102053825566	-7000.648345825201	0.02	5.3	5.3	1.0	1.0	83.12406323694964	47.49430483234583
49.068658715143	1.0307309611943052e-11	0.04525313135912947	6.423775139834592e-14	0.04525543977028842	1.0326390166139622e-13	0.0015815701836554468	9.538988467039029e-17	0.0	0.07401361883007036	1.790030207315273	7185.720762709858	7188.129825263464	-14373.850587973324	31.430621530006377	-7185.720762709858	0.02	5.4	5.4	1.0	1.0	83.12406323694964	47.49430483234583
50.873555054450904	4.100917875410597e-10	0.040179480196997644	2.407291826556182e-12	0.04018201477478884	8.120789685547016e-12	0.001518312060040172	4.782475084396151e-14	0.0	0.07840813170730575	1.8555534122312582	7329.597486217084	7331.56105524586	-14661.158541462946	32.082641216575745	-7329.597486217084	0.02	5.5	5.5	1.0	1.0	83.12406323694964	47.49430483234583
52.75086061720833	3.645215965013271e-11	0.03541385624724115	2.838568268743499e-13	0.03541657439552087	9.938704019962085e-13	0.0014611603732509883	4.770698505326399e-16	0.0	0.08333287622535496	1.9185321287631318	7425.637551505542	7427.1600605358135	-14852.797612041359	32.733489231671385	-7425.637551505542	0.02	5.6	5.6	1.0	1.0	83.12406323694964	47.49430483234583
54.70159522929069	2.942130634714553e-11	0.030930915074625413	1.23873214550732e-13	0.030933602825629226	9.423535104422643e-14	0.0014089998576248988	1.4923619320159717e-16	0.0	0.08889387841902621	1.9783019830782236	7466.7931804306945	7467.881200360778	-14934.674380791472	33.383626843150594	-7466.7931804306945	0.02	5.7	5.7	1.0	1.0	83.12406323694964	47.49430483234583
56.72919832737084	2.288104441702278e-11	0.026754422053004642	1.3655342956169705e-13	0.026756949840545836	2.3565757755330247e-13	0.001360954580308059	1.0804923174108068e-15	0.0	0.0952180774707922	2.0340747829118166	7445.617965618882	7446.280654086764	-14891.898619705647	34.033661976387194	-7445.617965618882	0.02	5.8	5.8	1.0	1.0	83.12406323694964	47.49430483234583
58.84260339760595	1.9503945591285536e-11	0.02294200368971559	2.028912517363274e-13	0.022944538954144826	4.12390252577619e-12	0.0013161975103269574	4.7211558452970065e-14	0.0	0.10244797835564479	2.0851008565471987	7354.266397582552	7354.516246304049	-14708.7826438866	34.68442933259055	-7354.266397582552	0.02	5.9	5.9	1.0	1.0	83.12406323694964	47.49430483234583
61.061021030031974	2.5434052785969566e-12	0.0195659316599902	4.153083341559427e-13	0.01956868329858174	9.655256723525688e-13	0.0012738396500499973	1.8047026747706352e-14	0.0	0.11070481946962853	2.1313059702207084	7184.294376790624	7184.148537992609	-14368.442914783232	35.337371592710966	-7184.294376790624	0.02	6.0	6.0	1.0	1.0	83.12406323694964	47.49430483234583
63.42360695004267	9.617024204441361e-12	0.016678066386310593	8.752412200698667e-14	0.016680846830504675	6.003112973277059e-13	0.0012329946053324396	2.651900650396125e-15	0.0	0.11988447247903623	2.176642814876321	6924.744684895957	6924.228240345918	-13848.972925241875	35.996620399538855	-6924.744684895957	0.02	6.1	6.1	1.0	1.0	83.12406323694964	47.49430483234583