SigmaEL	SigmaET	SigmaAlphaL	SigmaAlphaT	SigmaAlphaBarL	SigmaAlphaBarT	SigmaKappaL	SigmaKappaT	basis_angle	rhoH	S	Ttt	Txx	Tyy	rho	EInternal	T	Ax	Ay	Gx	Gy	mu	Q
56740.841561093366	0.00017230158091929154	47.62804350179869	1.4464737819845125e-07	47.628043504684506	1.4236546679309126e-07	0.040003576840753965	1.1951631687227207e-10	0.0	0.00028364860087799754	0.12225333466204244	-0.3500887160984381	-0.06106671004497912	0.41115542614341727	0.6246409903865195	0.3500887160984381	0.004	0.1	0.1	0.1	0.1	2057.4295691322045	1187.3576208086458
24241.058912818484	2.798458588734211e-05	45.7888809400057	5.288451767812029e-08	45.788880940052294	5.2875586869377336e-08	0.0865756494588739	9.991686636468371e-11	0.0	0.0006361764089304303	0.18282143115592667	-0.488353744926567	-0.19889907517424477	0.6872528201008119	0.6187841867807684	0.488353744926567	0.006	0.1	0.1	0.09999999999999999	0.09999999999999999	914.8939381845995	527.7144981371758
15844.491818228642	2.5693852015217303e-06	53.20631846377773	8.63408039251056e-09	53.206318463960415	8.576640576152682e-09	0.17887181745632233	2.8822859156956238e-11	0.0	0.0011308698951323526	0.24387721078208374	-0.11431101956086326	0.17581134566250908	-0.061500326101645804	0.6188909856794307	0.11431101956086326	0.008	0.1	0.1	0.1	0.1	515.006228756435	296.83940520216146
12021.360269565956	4.509911386773105e-06	63.07567945505411	2.369809876796049e-08	63.07567945502097	2.361135394513564e-08	0.3313545207791491	1.240928134361509e-10	0.0	0.001767060849270139	0.30513261755477	0.2309848300171712	0.521953657741578	-0.7529384877587493	0.6196889593584289	-0.2309848300171712	0.01	0.1	0.1	0.1	0.1	329.91508490877163	189.97721932938333
9738.82810547998	6.84547660132883e-07	73.58464981093404	5.185498915372248e-09	73.58464981090245	5.237245659484065e-09	0.556681600029087	3.9671191075497776e-11	0.0	0.002544611061464457	0.3665872430094342	0.3705571241561848	0.6625350818251939	-1.0330922059813787	0.6204421758641343	-0.3705571241561848	0.012	0.1	0.1	0.1	0.1	229.37147117314964	131.92862453429396
8187.864475630786	3.642266075388166e-07	84.20876970400276	3.7993021799614655e-09	84.20876970393107	3.683536456002929e-09	0.8671516412692453	3.844392673312704e-11	0.0	0.003463498518040066	0.4282748104382868	0.38743307462610177	0.6805954377849386	-1.0680285124110402	0.621229951289282	-0.38743307462610177	0.014	0.1	0.1	0.09999999999999999	0.09999999999999999	168.7465562932672	96.92715271907312
7580.509277634625	1.0055093949742216e-07	89.49903370524005	1.1870550163349178e-09	89.49903370525269	1.1432825692346767e-09	1.0580216509015377	1.3495357639530198e-11	0.0	0.003975940941539205	0.45921757056310014	0.37758985382817883	0.6714136847834591	-1.0490035386116383	0.6216570670134782	-0.37758985382817883	0.015000000000000001	0.1	0.1	0.09999999999999999	0.09999999999999999	147.10800790473036	84.43431970194814
6382.328642783334	1.1673181984151078e-05	102.56772621491058	1.878350730023377e-07	102.56772621458764	1.8769563068440466e-07	1.6504809203532491	3.0204435691647994e-09	0.0	0.005411616966903125	0.5369006914694685	0.3435407518535281	0.639224416131214	-0.9827651679847418	0.622844998095009	-0.3435407518535281	0.0175	0.1	0.1	0.10000000000000002	0.10000000000000002	108.3075251069757	62.0333777402068
5494.73767697099	2.498959487070608e-07	115.34035638030797	5.252155954842639e-09	115.34035638027343	5.250493360478811e-09	2.4243495588199604	1.1034875228042785e-10	0.0	0.0070680883882513245	0.6151079375684535	0.3173453353184452	0.6151841621602335	-0.9325294974786787	0.6242133565133878	-0.3173453353184452	0.02	0.1	0.1	0.09999999999999999	0.09999999999999999	83.12406323694964	47.49430483234583
4809.128893515415	9.273778816671057e-07	127.76891011878384	2.465793436099085e-08	127.76891011879204	2.4692735742311587e-08	3.3991864845392947	6.565434811035897e-10	0.0	0.008945326917618141	0.6939111900441745	0.3018485833469531	0.6021379394753588	-0.9039865228223118	0.6257627181160651	-0.3018485833469531	0.022499999999999996	0.1	0.1	0.09999999999999999	0.09999999999999999	65.85790118400057	37.526364311976955
4262.87364576431	5.4875367480307705e-08	139.82858389722512	1.8005083861037563e-09	139.8285838972904	1.7148512366419127e-09	4.592954554451806	5.624947572179867e-11	0.0	0.01104329961900135	0.7733813566861943	0.2931871607929315	0.5962235588163052	-0.8894107196092366	0.6274908804570405	-0.2931871607929315	0.024999999999999994	0.1	0.1	0.09999999999999999	0.09999999999999999	53.5070488257657	30.39635509270133
3446.2395229036874	1.2530265721061654e-08	162.79508892910388	5.916567920540509e-10	162.79508892900378	5.477307276196724e-10	7.701307031279252	2.5860860861061272e-11	0.0	0.015901296619348124	0.9346005941964995	0.2848971181556492	0.5943266512990054	-0.8792237694546545	0.6314740842222384	-0.2848971181556492	0.030000000000000002	0.1	0.1	0.09999999999999999	0.09999999999999999	37.417137506608974	21.108579925487035
2864.7044138794718	7.497205830816773e-08	184.20798811144448	4.826104276493518e-09	184.20798811230918	4.66446621913567e-09	11.86290656831448	3.005755927099775e-10	0.0	0.021641744885595476	1.0993097850786477	0.28064881697754296	0.5976905169296608	-0.8783393339072036	0.6361445952565671	-0.28064881697754296	0.035	0.1	0.1	0.1	0.1	27.71373801300994	15.5083444350517
2430.0141710134103	1.1931020034786077e-09	204.10734311637376	1.0009297122858445e-10	204.10734311635983	7.623398488661946e-11	17.17083611199595	6.395968374663834e-12	0.0	0.028264264426706074	1.2680318884080637	0.2774460843763402	0.603347153267588	-0.8807932376439283	0.6414839561857839	-0.2774460843763402	0.04	0.1	0.1	0.09999999999999999	0.09999999999999999	21.414158039296566	11.873576208086458
2093.6734245023945	1.9068025445601912e-08	222.5860606374873	2.0296888110315746e-09	222.58606063745577	2.0239566224980862e-09	23.702885737691176	2.1540769456425532e-10	0.0	0.035768438716818125	1.4412667456167672	0.2745037983894132	0.6105433544584078	-0.8850471528478212	0.6474727011128305	-0.2745037983894132	0.04499999999999999	0.1	0.1	0.09999999999999999	0.09999999999999999	17.093493694914624	9.381591077994239
1826.7209045712066	1.4365577856510596e-08	239.77628276234498	1.8932959664676477e-09	239.77628276223572	1.9639153390276458e-09	31.527380318391746	2.586600010969445e-10	0.0	0.04415382357407763	1.61948968857727	0.27155990297454297	0.6190527282573802	-0.8906126312319231	0.6540902502575883	-0.27155990297454297	0.04999999999999999	0.1	0.1	0.1	0.1	14.001275544296817	7.599088773175333
13319.801213353621	7.764105212882191e-06	11.069285319004607	6.440526335211369e-09	11.069285319146216	6.6468527792335316e-09	0.00922482421944541	5.512795528866035e-12	0.0	0.0002928732177848508	0.1242652970489825	-0.7929402299785853	-0.5039784547294521	1.2969186847080376	0.7656115598336435	0.7929402299785853	0.004	0.2	0.2	0.1	0.1	2057.4295691322045	1187.3576208086458
6158.898139930408	5.6945298858692654e-05	11.527596831359059	1.0689528588350966e-07	11.527596832303388	1.0770811382324911e-07	0.021668022676949745	2.0219163504268218e-10	0.0	0.0006498980263185708	0.18377771355087763	-1.452749480519487	-1.1634137097684665	2.616163190287953	0.7415335216396647	1.452749480519487	0.006	0.2	0.2	0.09999999999999999	0.09999999999999999	914.8939381845995	527.7144981371758
4092.1659620568844	1.6503067298920954e-07	13.618050535505306	5.526150275486295e-10	13.61805053555671	5.469660904365356e-10	0.04554072181611463	1.830836624546041e-12	0.0	0.0011547145832776543	0.24495207694573554	0.08461546207168678	0.37470459582803717	-0.4593200578997238	0.7403460835294848	-0.08461546207168678	0.008	0.2	0.2	0.1	0.1	515.006228756435	296.83940520216146
3117.796212646518	8.187492157407487e-08	16.212671002947612	4.3854642701476283e-10	16.212671002993808	4.222586765436165e-10	0.08474455605700998	2.2631655515807165e-12	0.0	0.001804465974050622	0.30646710699395363	1.5127995792205555	1.8038021582399044	-3.3166017374604597	0.7419629340714181	-1.5127995792205555	0.01	0.2	0.2	0.1	0.1	329.91508490877163	189.97721932938333
2529.679299229151	9.702836143484633e-08	18.94399427778152	7.220834074971977e-10	18.943994277861666	7.532790168794892e-10	0.1426275630139882	5.603857718115215e-12	0.0	0.002598569446722881	0.36820711076503443	2.0751937350372147	2.3672129795225887	-4.4424067145598025	0.743028055649395	-2.0751937350372147	0.012	0.2	0.2	0.1	0.1	229.37147117314964	131.92862453429396
2128.409970585292	8.5168260274349e-08	21.69691811623462	8.672338721188338e-10	21.696918116251027	8.581213255398504e-10	0.2223938409736155	8.738291889986536e-12	0.0	0.0035369222758090315	0.43019256532584493	2.1384591547795213	2.431645272495068	-4.570104427274589	0.7438368557402206	-2.1384591547795213	0.014	0.2	0.2	0.09999999999999999	0.09999999999999999	168.7465562932672	96.92715271907312
1971.0319611984291	7.45292205121123e-10	23.06670804563896	9.6857740864589e-12	23.066708045634634	5.498985590037981e-12	0.2714465205889432	7.776377273742444e-14	0.0	0.00406017964353642	0.4612884695352739	2.0984670789506623	2.3923056385311927	-4.490772717481855	0.744233403886791	-2.0984670789506623	0.015000000000000001	0.2	0.2	0.09999999999999999	0.09999999999999999	147.10800790473036	84.43431970194814
1660.2963273480611	3.129741835703262e-09	26.450245589531907	4.954014297526561e-11	26.45024558949555	5.364097332667838e-11	0.4237778205924557	8.487104373079049e-13	0.0	0.005526018977943559	0.5393668707525239	1.964581711418943	2.260265887867665	-4.224847599286608	0.745307378651471	-1.964581711418943	0.0175	0.2	0.2	0.10000000000000002	0.10000000000000002	108.3075251069757	62.0333777402068
1429.9712922605895	2.4264639814748027e-07	29.758772124932207	5.034784086655997e-09	29.75877212499082	5.123863205491536e-09	0.6229062483022063	1.0639874996917478e-10	0.0	0.007217061143769918	0.6179877480168955	1.8644267204613831	2.1622618987095925	-4.026688619170975	0.7465432671095062	-1.8644267204613831	0.02	0.2	0.2	0.09999999999999999	0.09999999999999999	83.12406323694964	47.49430483234583
1252.0330061626398	8.403424196518766e-09	32.98134178250966	2.2025224275656061e-10	32.981341782388704	2.1412093882980688e-10	0.8739704394698274	5.6113215045874225e-12	0.0	0.009133191543651617	0.6972237229998498	1.8077993337194898	2.108085213914076	-3.915884547633566	0.7479496934719836	-1.8077993337194898	0.022499999999999996	0.2	0.2	0.09999999999999999	0.09999999999999999	65.85790118400057	37.526364311976955
1110.2751682598523	4.000639026221359e-09	36.11247942110027	1.300932268263263e-10	36.1124794209252	1.257493446147826e-10	1.1817272568070996	4.0926430475597376e-12	0.0	0.011274277309236021	0.777146324345702	1.779034230485419	2.0820682845674434	-3.861102515052863	0.7495229384626223	-1.779034230485419	0.024999999999999994	0.2	0.2	0.09999999999999999	0.09999999999999999	53.5070488257657	30.39635509270133
898.4423563696362	6.676765105964426e-09	42.09135174365791	3.154873814832096e-10	42.0913517433674	3.1596999290859405e-10	1.984496299298463	1.4982616857972483e-11	0.0	0.016230707333453807	0.9393312113947804	1.7592617242777664	2.0686904880704864	-3.827952212348253	0.7531527303312997	-1.7592617242777664	0.030000000000000002	0.2	0.2	0.09999999999999999	0.09999999999999999	37.417137506608974	21.108579925487035
747.7362314520182	3.2630643727413894e-10	47.692157258165714	2.056055823362689e-11	47.69215725774675	2.142069186101108e-11	3.0621921217925276	1.3467115805533287e-12	0.0	0.022085005569053833	1.1050878639033557	1.7579386163179738	2.074980086873118	-3.8329187031910914	0.7574044891662814	-1.7579386163179738	0.035	0.2	0.2	0.1	0.1	27.71373801300994	15.5083444350517
635.2291346427179	2.3590028557949824e-10	52.929609312094875	1.948061548856816e-11	52.92960931153336	1.9594896599370583e-11	4.441169571178106	1.6157926692634936e-12	0.0	0.028835644033884836	1.27493731867875	1.7632072913623136	2.0891082878116363	-3.8523155791739496	0.7622554278333133	-1.7632072913623136	0.04	0.2	0.2	0.09999999999999999	0.09999999999999999	21.414158039296566	11.873576208086458
548.3092835392555	2.198576168127228e-10	57.83142489834234	2.391676168225937e-11	57.831424897634726	2.1764283890913824e-11	6.144508440504996	2.375527947269938e-12	0.0	0.036480947553035686	1.4493744805512707	1.7720364002778028	2.108075907959929	-3.880112308237732	0.7676839240448834	-1.7720364002778028	0.04499999999999999	0.2	0.2	0.09999999999999999	0.09999999999999999	17.093493694914624	9.381591077994239
479.43644251340186	3.229788906483101e-09	62.43458167670058	3.905996937146779e-10	62.434581675880715	4.293133573699481e-10	8.193497354512642	5.189201396895424e-11	0.0	0.045019129065862896	1.6288672519646463	1.7834682421627805	2.130961054242973	-3.914429296405754	0.773668347001722	-1.7834682421627805	0.04999999999999999	0.2	0.2	0.1	0.1	14.001275544296817	7.599088773175333
217.35212913490577	1.6843886340236775e-10	4.201244736279834	3.0029118221255583e-12	4.201244573101498	3.001927415457293e-12	0.08615256950112372	5.3581780235968497e-14	0.0	0.008773167767113387	0.6544997751591248	18.382514085506116	18.680252916123514	-37.06276700162963	2.0233771904536457	-18.382514085506116	0.02	0.6	0.6	0.09999999999999999	0.09999999999999999	83.12406323694964	47.49430483234583
190.16030256506116	4.620801609183864e-11	4.651140273456489	3.0298315444399824e-13	4.651140298940957	1.9607012240015488e-12	0.12099952110213863	1.0334286734996716e-14	0.0	0.011094732425209043	0.7394847720574488	17.945179258476298	18.24541479997066	-36.190594058446955	2.0231756998843458	-17.945179258476298	0.022499999999999996	0.6	0.6	0.09999999999999999	0.09999999999999999	65.85790118400057	37.526364311976955
169.0572919264914	7.970907630973681e-10	5.101904659775223	2.4697550934202594e-11	5.101904806127723	2.200902768936103e-11	0.164128495556638	6.840038114091442e-13	0.0	0.013685117282838876	0.8252049951897468	17.74258820041871	18.045591163801774	-35.78817936422048	2.0229023083980247	-17.74258820041871	0.024999999999999994	0.6	0.6	0.09999999999999999	0.09999999999999999	53.5070488257657	30.39635509270133
138.21426972675167	9.795452422280138e-10	5.995561588747595	4.4832142665452564e-11	5.995561856192187	4.512364965801895e-11	0.2783810939790344	2.0690943924811323e-12	0.0	0.019666441783014976	0.999481353567209	17.654652474148904	17.964070058207216	-35.61872253235612	2.0221333240163304	-17.654652474148904	0.030000000000000002	0.6	0.6	0.09999999999999999	0.09999999999999999	37.417137506608974	21.108579925487035
116.77017142020408	1.1537954619500468e-11	6.8782824377219915	6.799359550878332e-13	6.878282729956574	7.058772815994702e-13	0.4353335776598597	4.311629353994754e-14	0.0	0.02670409820987441	1.1781766464714354	17.72435077694175	18.041388183698547	-35.7657389606403	2.0209828911723444	-17.72435077694175	0.035	0.6	0.6	0.1	0.1	27.71373801300994	15.5083444350517
101.08047918347607	8.830686947333037e-11	7.755929749308978	7.903676470970777e-12	7.755930016211267	8.277268749240908e-12	0.6417172863989907	7.264763802682333e-13	0.0	0.03478318057357103	1.3618133899777307	17.852606951664104	18.178506220612597	-36.031113172276704	2.019373847167487	-17.852606951664104	0.04	0.6	0.6	0.09999999999999999	0.09999999999999999	21.414158039296566	11.873576208086458
89.16166374023851	2.107243499566971e-11	8.634077528684067	2.4630852879625025e-14	8.634077748953128	1.983668289654648e-12	0.9045594285797345	2.204322961423152e-14	0.0	0.04388737898098318	1.5507897951884821	18.01610625460025	18.352144877330883	-36.36825113193114	2.017275457553225	-18.01610625460025	0.04499999999999999	0.6	0.6	0.09999999999999999	0.09999999999999999	17.093493694914624	9.381591077994239
79.83294051162588	5.070094249832687e-10	9.5165770350507	6.282476645852024e-11	9.516577203392837	6.398317589051469e-11	1.2311383338623587	7.899780690576682e-12	0.0	0.05399949077315291	1.745431097703504	18.208017680315876	18.5555099337968	-36.763527614112675	2.0146977072395935	-18.208017680315876	0.04999999999999999	0.6	0.6	0.1	0.1	14.001275544296817	7.599088773175333
222.56942797832468	7.933305762211455e-09	0.9297693972095296	3.2276530921638e-11	0.9297725974162757	3.910016055003554e-11	0.004592795465658861	1.580760105730166e-13	0.0	0.002915338847055177	0.369958490483064	31.298914411482215	31.59198877573495	-62.890903187217155	4.151291841817147	-31.298914411482215	0.01	1.0	1.0	0.1	0.1	329.91508490877163	189.97721932938333
186.76655357852778	6.125376690244155e-10	1.1227246412174101	3.3353502586988354e-12	1.122728931681706	4.38998428762648e-12	0.007985788201634071	2.433849398654465e-14	0.0	0.004158130269469371	0.44656396032982376	68.21153309420825	68.50585375302629	-136.71738684723454	4.182901475768518	-68.21153309420825	0.012	1.0	1.0	0.1	0.1	229.37147117314964	131.92862453429396
160.7523624392862	6.793086085212906e-08	1.3158834454378698	4.5355396805049505e-10	1.31588859525736	6.227950866237665e-10	0.012755612429236389	3.929847306299632e-12	0.0	0.005635233316814817	0.5242254372624034	68.13973522231439	68.43417301349396	-136.57390823580835	4.197086847209031	-68.13973522231439	0.014	1.0	1.0	0.09999999999999999	0.09999999999999999	168.7465562932672	96.92715271907312
150.29518960281433	8.074271286295787e-11	1.4128421333519114	1.1075823931806336e-12	1.4128476213837438	8.443112550590972e-13	0.015734211724327606	1.1260839455047987e-14	0.0	0.0064597277983836085	0.563404404905979	63.92321241983599	64.21779584077333	-128.14100826060934	4.199297211554339	-63.92321241983599	0.015000000000000001	1.0	1.0	0.09999999999999999	0.09999999999999999	147.10800790473036	84.43431970194814
129.33651636369459	1.3058766334993546e-10	1.6566454122328442	2.034784207854215e-12	1.6566514906095513	1.8275443499252066e-12	0.025163974558153196	2.986875320963885e-14	0.0	0.008768613166754072	0.6622765403194889	55.77862714697304	56.07426766806515	-111.85289481503818	4.198491031392516	-55.77862714697304	0.0175	1.0	1.0	0.10000000000000002	0.10000000000000002	108.3075251069757	62.0333777402068
113.60159145336098	4.1447739726854e-10	1.9025862814648633	8.87156731660252e-13	1.9025926332714518	5.964314527926939e-12	0.03782453445826634	7.151377633563078e-14	0.0	0.011427861394918998	0.7623916617027439	52.848627700574816	53.146181201528705	-105.99480890210353	4.194471467401043	-52.848627700574816	0.02	1.0	1.0	0.09999999999999999	0.09999999999999999	83.12406323694964	47.49430483234583
101.36622525023114	7.078721458281777e-10	2.1507112581726466	1.2632664612215155e-11	2.1507176370578325	1.586903486989124e-11	0.05422064494259981	2.77215640802168e-13	0.0	0.014433590086098945	0.8636898898436749	52.04888711075357	52.34889655662194	-104.3977836673755	4.18956765017813	-52.04888711075357	0.022499999999999996	1.0	1.0	0.09999999999999999	0.09999999999999999	65.85790118400057	37.526364311976955
91.58622639509721	1.1429966904051049e-11	2.401033930158663	5.188281960514563e-13	2.401040153851756	1.3608471804963418e-13	0.07486630576294975	1.2809041482756114e-14	0.0	0.01778190514548472	0.9661407252359066	51.809275445748966	52.112100437852966	-103.92137588360193	4.184166845453577	-51.809275445748966	0.024999999999999994	1.0	1.0	0.09999999999999999	0.09999999999999999	53.5070488257657	30.39635509270133
76.94386195028491	3.820954278888414e-11	2.908316770870203	1.93843352451685e-12	2.908322342183384	2.0364635564380683e-12	0.13100831646588113	8.030019500791801e-14	0.0	0.02548983087215508	1.1744642657370765	51.861103069480635	52.17043206961929	-104.03153513909992	4.171920559601969	-51.861103069480635	0.030000000000000002	1.0	1.0	0.09999999999999999	0.09999999999999999	37.417137506608974	21.108579925487035
66.51967989322695	1.1807010447464905e-13	3.424550430292736	4.335131081026168e-14	3.42455513421273	9.825450075223085e-14	0.21054574388494565	2.191669093699093e-15	0.0	0.03451662024913311	1.3873873372082624	52.23687420787064	52.55386526864166	-104.7907394765123	4.157691631456788	-52.23687420787064	0.035	1.0	1.0	0.1	0.1	27.71373801300994	15.5083444350517
58.73210105873163	9.754208196905735e-11	3.949882908431806	6.799775984966058e-12	3.9498867080027895	7.394156628088535e-12	0.3179180367326042	4.722562297545767e-13	0.0	0.04482418617570787	1.6050278141445247	52.74061785097745	53.06648959476315	-105.8071074457406	4.141542261081748	-52.74061785097745	0.04	1.0	1.0	0.09999999999999999	0.09999999999999999	21.414158039296566	11.873576208086458
52.70133033356231	2.764808633502324e-11	4.484475077640075	6.7279218901187716e-12	4.484478028986626	3.039457271769625e-12	0.457707749783475	6.821437503814552e-13	0.0	0.05637213400124147	1.827546695006199	53.31835118883764	53.65437191614635	-106.97272310498398	4.123614615776589	-53.31835118883764	0.04499999999999999	1.0	1.0	0.09999999999999999	0.09999999999999999	17.093493694914624	9.381591077994239
47.89913009027598	4.3870850420339724e-12	5.0284933471748605	4.2761854011728747e-13	5.028495548803502	5.121700911941833e-13	0.6346416499056126	4.333101532524325e-14	0.0	0.06911870105893984	2.05512552380032	53.958575123046714	54.30605515880525	-108.26463028185198	4.104083542149061	-53.958575123046714	0.04999999999999999	1.0	1.0	0.1	0.1	14.001275544296817	7.599088773175333
167.9516429036228	6.063044281044705e-10	0.6058237245858933	1.4358418837440844e-12	0.6058272105451729	3.045937952487033e-12	0.0029638299716889535	7.817957440944047e-15	0.0	0.003876426720650624	0.4616884593372867	-6.15907484200468	-5.86432040356728	12.023395245571962	6.51205223703996	6.15907484200468	0.01	1.4	1.4	0.1	0.1	329.91508490877163	189.97721932938333
141.86082817201185	2.450645564082421e-09	0.7390306076506615	9.127520202452292e-12	0.7390373622478303	1.6932754747964437e-11	0.005201718105773641	5.89653680997842e-14	0.0	0.005371865192446834	0.556726629505714	140.7173617598769	141.01445699697183	-281.7318187568487	6.562641289857256	-140.7173617598769	0.012	1.4	1.4	0.1	0.1	229.37147117314964	131.92862453429396
122.54013045122514	4.207434763873336e-09	0.872152832619972	1.9003448826587807e-11	0.872161770512269	4.142210552009631e-11	0.008367259228585493	1.6093633383560725e-13	0.0	0.007195777663283356	0.6526014541595115	169.17278107997885	169.4689223734496	-338.6417034534285	6.6088156692564635	-169.17278107997885	0.014	1.4	1.4	0.09999999999999999	0.09999999999999999	168.7465562932672	96.92715271907312
114.71488877406027	1.2276226779919797e-10	0.9390562298807711	9.771988137855671e-13	0.9390659006291491	1.5249029895134331e-12	0.010352883980789129	1.0360424137633699e-14	0.0	0.008221041108215605	0.7009974070786229	158.38216033165492	158.67780458726367	-317.0599649189186	6.620241639772335	-158.38216033165492	0.015000000000000001	1.4	1.4	0.09999999999999999	0.09999999999999999	147.10800790473036	84.43431970194814
98.95356718755397	5.257365480459963e-10	1.1076594000417934	5.734892851503875e-12	1.107670346851972	7.209414636729075e-12	0.016670688049171364	6.739038703202022e-14	0.0	0.011103929449397957	0.8231731875503125	125.06369222702483	125.35929043448932	-250.42298266151414	6.628061981256865	-125.06369222702483	0.0175	1.4	1.4	0.10000000000000002	0.10000000000000002	108.3075251069757	62.0333777402068
87.07114293312958	1.8243049865890315e-10	1.2783665863566145	1.6873744349193864e-12	1.2783784365582667	3.3334609215114667e-12	0.025205343908735352	3.90956938100496e-14	0.0	0.014433106563576282	0.9468466463096183	111.45172702380299	111.74885174005223	-223.20057876385522	6.62331442152185	-111.45172702380299	0.02	1.4	1.4	0.09999999999999999	0.09999999999999999	83.12406323694964	47.49430483234583
77.81248801070726	1.1675466448680949e-09	1.4512507721449865	4.1212487664404826e-11	1.4512633081527484	3.913523932058435e-11	0.03631768246935018	1.282027433592727e-12	0.0	0.018199356055646942	1.071847025934767	109.98358175475674	110.28313330056753	-220.26671505532425	6.615445096805452	-109.98358175475674	0.022499999999999996	1.4	1.4	0.09999999999999999	0.09999999999999999	65.85790118400057	37.526364311976955
70.40509830455996	4.50504097568305e-10	1.6263441276451	1.811712005430116e-12	1.6263571358488382	1.4590131782371127e-11	0.05037748541945747	5.4371216357189965e-14	0.0	0.02239501806133643	1.1980592660109863	110.93333738961017	111.23578338847238	-222.16912077808257	6.60663959860991	-110.93333738961017	0.024999999999999994	1.4	1.4	0.09999999999999999	0.09999999999999999	53.5070488257657	30.39635509270133
59.313287629044616	4.9683687719515035e-11	1.9832390098936228	4.130096636747227e-12	1.983252347018842	2.4223048431344933e-12	0.08886257171655888	1.2936760468664128e-13	0.0	0.03204554524254429	1.4538499704928418	112.18409960960295	112.49320553126527	-224.6773051408682	6.587036331664067	-112.18409960960295	0.030000000000000002	1.4	1.4	0.09999999999999999	0.09999999999999999	37.417137506608974	21.108579925487035
51.42398813391223	1.2365584142574881e-11	2.3492085120515687	3.0540939855998954e-13	2.349221514015824	7.233734573429387e-13	0.14379392280001166	1.5770388312873987e-14	0.0	0.04332589967399975	1.7138956570096264	113.19194354476026	113.50879585961067	-226.70073940437095	6.564565179889569	-113.19194354476026	0.035	1.4	1.4	0.1	0.1	27.71373801300994	15.5083444350517
45.53977832281827	2.835990611186473e-12	2.724414477369327	1.4992392835258135e-13	2.7244266730221636	2.2327603328976185e-13	0.21844333378165218	1.8399330270762202e-14	0.0	0.05617451307718807	1.9780836851692587	114.35456159744166	114.68033856774119	-229.03490016518282	6.539186245826729	-114.35456159744166	0.04	1.4	1.4	0.09999999999999999	0.09999999999999999	21.414158039296566	11.873576208086458
40.99199538717713	3.014294678660781e-11	3.1090086089544604	2.8647101174227496e-12	3.109019689884755	3.5548246285668293e-12	0.31622007095632865	3.7295489860460385e-13	0.0	0.07052685993165755	2.2464092026467144	115.61222550477012	115.94817782190509	-231.5604033266752	6.511049156151797	-115.61222550477012	0.04499999999999999	1.4	1.4	0.09999999999999999	0.09999999999999999	17.093493694914624	9.381591077994239
37.37823601314196	9.530050593077252e-11	3.5031178460109427	1.3026379345829175e-12	3.5031276413647063	1.2604045397437938e-11	0.44067033921791415	2.0058992398595193e-13	0.0	0.08631641063695349	2.518930557036719	116.95313836453042	117.3005678069582	-234.2537061714886	6.4803719542466	-116.95313836453042	0.04999999999999999	1.4	1.4	0.1	0.1	14.001275544296817	7.599088773175333
138.1785950859043	6.32704097978682e-09	0.4791204514173609	1.4838185548765473e-11	0.4791180412716252	3.6342031736267625e-11	0.0026025125317139922	8.570886500640362e-14	0.0	0.005587970619826247	0.6041662282596296	-102.44291011852562	-102.1450078941857	204.58791801271127	9.012871820502783	102.44291011852562	0.010499999999999999	1.8	1.8	0.09999999999999999	0.09999999999999999	299.3230003879456	172.3149381672411
132.66029592564553	4.2176151373446435e-10	0.505475756417263	1.5157344132465424e-12	0.5054730567959378	2.7390573026811193e-12	0.0030011590166203216	9.83370488536004e-15	0.0	0.006040168302013103	0.6321346048599663	2.9519496447654614	3.2510484815835703	-6.202998126349041	8.965378470088586	-2.9519496447654614	0.011	1.8	1.8	0.09999999999999999	0.09999999999999999	272.80696168422435	157.0059663879201
127.40411590253126	3.7847586262934607e-10	0.5317768554823054	1.902987048837608e-12	0.5317740550287272	1.9804228736483297e-12	0.00344923332016239	1.0653573850262442e-14	0.0	0.006467240146670661	0.6614016584105452	97.27779483981823	97.577487543632	-194.85528238345023	8.965868872658612	-97.27779483981823	0.011500000000000002	1.8	1.8	0.1	0.1	249.6737454967223	143.65007132656584
122.4793607697678	4.4244083787295385e-09	0.5579120416765572	3.5639384734709664e-11	0.5579094872538569	3.239345411832394e-11	0.003942065413507054	2.5464016546039723e-13	0.0	0.0069137665859853375	0.6907441959339795	178.15359135467446	178.45340361337026	-356.6069949680447	8.984996262036699	-178.15359135467446	0.012	1.8	1.8	0.1	0.1	229.37147117314964	131.92862453429396
105.88409100850683	5.74554196537333e-10	0.6615807007034707	6.443397838814203e-12	0.6615819401983225	5.847486889836729e-12	0.006378329164754024	6.602870266293552e-14	0.0	0.009006735621945716	0.807921731984212	341.07892979287965	341.37688251338943	-682.4558123062691	9.078928793248478	-341.07892979287965	0.014	1.8	1.8	0.09999999999999999	0.09999999999999999	168.7465562932672	96.92715271907312
99.13547027221732	8.94799376737962e-10	0.7134525327472051	4.0270121282827295e-12	0.7134564832520751	9.712409002957703e-12	0.007905660846781931	4.2847926693583954e-14	0.0	0.010214503732073379	0.8668614113119233	341.81968631844734	342.11649350758864	-683.9361798260361	9.109970473575931	-341.81968631844734	0.015000000000000001	1.8	1.8	0.09999999999999999	0.09999999999999999	147.10800790473036	84.43431970194814
85.50779568583451	8.160380357558061e-12	0.8440047010373313	1.0953641231645549e-14	0.8440150296010073	2.763224840174619e-13	0.01277129457904852	2.8975905041469355e-16	0.0	0.013647446954664327	1.0156637399312798	263.6042520472332	263.89980680457734	-527.5040588518106	9.144898473855704	-263.6042520472332	0.0175	1.8	1.8	0.10000000000000002	0.10000000000000002	108.3075251069757	62.0333777402068
75.21925507099583	1.6578589954845124e-11	0.9763069902230029	3.338605558903855e-14	0.9763216895415089	7.918626434699181e-13	0.019359563309777363	4.807112690881586e-15	0.0	0.01764440265692962	1.166324392825066	208.87930210443315	209.17590700316026	-418.05520910759344	9.146265213152784	-208.87930210443315	0.02	1.8	1.8	0.09999999999999999	0.09999999999999999	83.12406323694964	47.49430483234583
67.20000290625856	5.485798685971044e-11	1.1104944518400155	1.0266100696554476e-12	1.1105116513633833	1.1984877695966058e-12	0.027956750177809107	2.435746723221214e-14	0.0	0.022182488852785273	1.3185657191123592	198.03565091094424	198.3346130088	-396.37026391974416	9.137309810415754	-198.03565091094424	0.022499999999999996	1.8	1.8	0.09999999999999999	0.09999999999999999	65.85790118400057	37.526364311976955
60.78566341935387	4.206616413711395e-11	1.2466099430761657	1.0066458350980632e-13	1.2466285453474097	8.698815020094146e-13	0.03885611266741568	2.1731539488466216e-14	0.0	0.027246795992404753	1.4721702175606732	202.18870789514642	202.4906343362881	-404.67934223143453	9.125993285193982	-202.18870789514642	0.024999999999999994	1.8	1.8	0.09999999999999999	0.09999999999999999	53.5070488257657	30.39635509270133
51.189676252151656	1.4929333810864698e-11	1.5247251422330377	5.996232909929516e-13	1.524745320027117	8.72588241290288e-13	0.06877098646109707	4.0169225196837136e-14	0.0	0.03890594230127546	1.78289699890115	208.96371322847676	209.27247247870912	-418.2361857071859	9.101125369086194	-208.96371322847676	0.030000000000000002	1.8	1.8	0.09999999999999999	0.09999999999999999	37.417137506608974	21.108579925487035
44.37695355811353	1.4105641567979665e-12	1.8108418710826972	2.09844654872632e-13	1.8108630137993598	2.4425687799189726e-13	0.1115969745092761	1.958766676297359e-14	0.0	0.05253235052460923	2.0977548729058593	211.35889490632565	211.675508796507	-423.0344037028326	9.073143298101272	-211.35889490632565	0.035	1.8	1.8	0.1	0.1	27.71373801300994	15.5083444350517
39.30729480413971	8.476241626989567e-13	2.105149259695998	1.5865339260183524e-15	2.105170751852522	5.635402224901406e-14	0.16994364919569857	2.071047511690822e-17	0.0	0.06803885804601392	2.416371378287263	213.4696531442841	213.7952548499277	-427.2649079942118	9.041682129019694	-213.4696531442841	0.04	1.8	1.8	0.09999999999999999	0.09999999999999999	21.414158039296566	11.873576208086458
35.399026057883006	9.915758806492564e-13	2.407823844642683	1.9175273231249399e-13	2.407845003398612	2.512991279522637e-13	0.2465364954262556	4.4677864626961024e-14	0.0	0.08533645063523106	2.7385594896080683	215.68224587277814	216.0180640496944	-431.7003099224725	9.006802290699023	-215.68224587277814	0.04499999999999999	1.8	1.8	0.09999999999999999	0.09999999999999999	17.093493694914624	9.381591077994239
32.30182387835325	6.770321973946329e-12	2.7190158478273196	6.478300495901445e-13	2.7190360869729	9.098227317844205e-13	0.34421690477001965	9.513190142300599e-14	0.0	0.10433417788367777	3.0642384224800767	217.96806696518166	218.31539198257917	-436.28345894776083	8.968712993919159	-217.96806696518166	0.04999999999999999	1.8	1.8	0.1	0.1	14.001275544296817	7.599088773175333
121.24938747297173	1.6709441989781748e-11	0.47319638617819765	1.29471450562705e-13	0.4732055688223098	1.3387786574234212e-14	0.0030854461221063614	7.498017886295638e-17	0.0	0.00743260536468044	0.7311573768889371	18.0335077935907	18.334513796948574	-36.36802159053926	10.209226891922512	-18.0335077935907	0.011500000000000002	2.0	2.0	0.1	0.1	249.6737454967223	143.65007132656584
116.60952199412067	4.3477618727472134e-10	0.496799326669436	8.792166711156655e-13	0.496806796761435	2.9009393958184635e-12	0.003524793340580826	6.4093492126137644e-15	0.0	0.007899270579542723	0.7631322577346382	144.88856273670208	145.18971698473848	-290.0782797214406	10.206920979613276	-144.88856273670208	0.012	2.0	2.0	0.1	0.1	229.37147117314964	131.92862453429396
100.91423906447322	2.3010827544366758e-07	0.5916994506664418	2.065846875297656e-09	0.5917016735917772	2.139568526825715e-09	0.005732433703352853	1.8470629658450056e-11	0.0	0.010052888639442557	0.8921112118495975	443.4364709011877	443.7353193317542	-887.1717902329419	10.315680161703431	-443.4364709011877	0.014	2.0	2.0	0.09999999999999999	0.09999999999999999	168.7465562932672	96.92715271907312
94.48626731031726	8.890735370137293e-13	0.6387641831833181	4.477744708407231e-13	0.638765415743122	3.635309966588515e-13	0.00711421122279799	5.286658431657674e-15	0.0	0.011334353056661492	0.9566432873491856	471.3474009540106	471.64477451236	-942.9921754663707	10.360173895881779	-471.3474009540106	0.015000000000000001	2.0	2.0	0.09999999999999999	0.09999999999999999	147.10800790473036	84.43431970194814
81.47849186135915	9.156868405885144e-11	0.7567781227030513	4.3845426804465824e-13	0.756781138916804	1.3747458409543335e-12	0.011513169223206233	8.748041615108216e-15	0.0	0.015015243442005657	1.119426854485031	376.866382956037	377.16188849690326	-754.0282714529403	10.41709228874571	-376.866382956037	0.0175	2.0	2.0	0.10000000000000002	0.10000000000000002	108.3075251069757	62.0333777402068
71.64804253431882	1.3260221696717589e-11	0.8761780022649636	5.518767281587902e-13	0.8761863285939685	3.179093929071421e-13	0.017470334247058086	1.1072161305982891e-14	0.0	0.01933203583450102	1.2842668207921537	282.31021545272176	282.6065256408159	-564.9167410935377	10.4261260427736	-282.31021545272176	0.02	2.0	2.0	0.09999999999999999	0.09999999999999999	83.12406323694964	47.49430483234583
63.98543855629886	9.49945037995864e-12	0.997255496676348	3.0529653219720415e-14	0.997269698664835	2.0044306061633042e-13	0.0252470865699089	1.0784552601196699e-14	0.0	0.024249460356246554	1.450859937767925	256.15300875986924	256.4516372933095	-512.6046460531787	10.41790832058323	-256.15300875986924	0.022499999999999996	2.0	2.0	0.09999999999999999	0.09999999999999999	65.85790118400057	37.526364311976955
57.857233190780235	6.815121139950794e-11	1.1200930820293755	1.1951228443739378e-12	1.120112118563412	1.4558398115232234e-12	0.03511068048535733	2.720414984473249e-14	0.0	0.02974613882004412	1.6189411274269945	261.0769456498434	261.37857132260604	-522.4555169724493	10.405586324607738	-261.0769456498434	0.024999999999999994	2.0	2.0	0.09999999999999999	0.09999999999999999	53.5070488257657	30.39635509270133
48.69290372551101	1.0012839711005805e-10	1.3712020644644685	1.3572688112655043e-12	1.3712265577958391	5.4481452278948196e-12	0.062199763872157886	9.147914098026879e-14	0.0	0.042414914138486665	1.9588121661588902	274.04219464926865	274.3507401783436	-548.3929348276123	10.378374489466196	-274.04219464926865	0.030000000000000002	2.0	2.0	0.09999999999999999	0.09999999999999999	37.417137506608974	21.108579925487035
42.19170275320606	8.107258354234093e-13	1.6297409056214662	4.625214434382388e-14	1.6297672472391402	1.0771592315216795e-13	0.10100682854961135	5.38399626695532e-15	0.0	0.057228386741908985	2.3028707135149755	277.9610387928709	278.2774977638627	-556.2385365567336	10.348172614404426	-277.9610387928709	0.035	2.0	2.0	0.1	0.1	27.71373801300994	15.5083444350517
37.35868231052134	5.482079633994941e-13	1.8959161413425412	6.339303164456002e-14	1.8959429384783801	9.805279129287125e-15	0.15390722301145343	1.805373583941309e-15	0.0	0.0740847445908229	2.6505952285381724	280.6697098936471	280.9951934345357	-561.6649033281828	10.314356049795691	-280.6697098936471	0.04	2.0	2.0	0.09999999999999999	0.09999999999999999	21.414158039296566	11.873576208086458
33.637091042377754	2.8179034084439836e-12	2.1699186342178125	4.864310820488144e-14	2.1699452689137693	3.751304548474186e-13	0.22338186544958144	4.514754541793169e-15	0.0	0.09288203500266089	3.0017009327258632	283.4705811212618	283.8063062335657	-567.2768873548274	10.27688951581981	-283.4705811212618	0.04499999999999999	2.0	2.0	0.09999999999999999	0.09999999999999999	17.093493694914624	9.381591077994239
30.69146642108782	3.300674078672572e-13	2.451911595877548	8.367884396850696e-15	2.4519375486571704	8.670796341166322e-14	0.31201729103856995	5.005823623602672e-15	0.0	0.11351689666837408	3.3560345154086817	286.33367450172506	286.6809251418989	-573.0145996436239	10.235959150729375	-286.33367450172506	0.04999999999999999	2.0	2.0	0.1	0.1	14.001275544296817	7.599088773175333
104.81796077944074	1.8785332180863007e-09	0.4266074775717005	6.909903050994632e-12	0.42665447099026316	1.3542103279485509e-11	0.0033387512786457953	5.050971197305316e-14	0.0	0.01095956509158889	0.9554510442437343	92.30481115053263	92.60845021315093	-184.91326136368363	12.718416545067797	-92.30481115053263	0.012499999999999997	2.4	2.4	0.09999999999999999	0.09999999999999999	211.45637753765845	121.58542037080532
101.01941959133849	6.64380560115585e-11	0.4458634203606043	1.4493206299417723e-13	0.4459043086683787	8.215475804878804e-13	0.0037707114150816626	2.3015735945135026e-15	0.0	0.011495957656481669	0.9924960900793385	304.34698464131395	304.6498415914037	-608.9968262327177	12.710774028663591	-304.34698464131395	0.012999999999999998	2.4	2.4	0.1	0.1	195.56836600749511	112.41255581620315
97.56619909557885	1.618784343767124e-11	0.4664069369813893	1.3922557524052957e-14	0.46644154111553965	6.128082948221988e-14	0.004255374097255759	5.3975089534668055e-17	0.0	0.012025136817287367	1.0311644434373153	479.4337079295925	479.7355538311543	-959.1692617607467	12.738006266537326	-479.4337079295925	0.013499999999999998	2.4	2.4	0.1	0.1	181.41276278321007	104.23990086660264
94.32691473364568	3.6130537743508245e-10	0.48703537702645566	7.263106085603015e-13	0.4870637482998515	4.2016927364320396e-12	0.004782763216185005	9.815197776648265e-15	0.0	0.012607847835943884	1.0697264551524355	616.6337519213519	616.9344787831121	-1233.568230704464	12.7760810676784	-616.6337519213519	0.014	2.4	2.4	0.09999999999999999	0.09999999999999999	168.7465562932672	96.92715271907312
88.39079885129178	8.358030760546864e-11	0.5278156200606996	7.721550255558821e-14	0.5278325114625407	8.37355259188227e-13	0.00596053005966276	1.5820727533483219e-15	0.0	0.01394582958889158	1.1462917917565452	779.6038668698724	779.9024065711388	-1559.5062734410114	12.851045648247037	-779.6038668698724	0.015000000000000001	2.4	2.4	0.09999999999999999	0.09999999999999999	147.10800790473036	84.43431970194814
76.23684231237905	2.330166289955804e-11	0.6282545901083152	6.446510913418569e-14	0.628252963249628	8.412853052480577e-13	0.009694071396473767	2.1186159408810326e-15	0.0	0.018018929975813423	1.3379646814535027	729.8566554868287	730.152010797021	-1460.0086662838498	12.96733112630124	-729.8566554868287	0.0175	2.4	2.4	0.10000000000000002	0.10000000000000002	108.3075251069757	62.0333777402068
66.99544339239533	2.433170876153107e-10	0.7289698132314432	2.0002805732950256e-12	0.7289648669752612	5.1340976311452495e-12	0.014745565846378875	4.265877978080786e-14	0.0	0.022916906016718218	1.5318832633779094	515.4146261573591	515.7102818574006	-1031.12490801476	13.004712888140352	-515.4146261573591	0.02	2.4	2.4	0.09999999999999999	0.09999999999999999	83.12406323694964	47.49430483234583
59.78166699669591	9.759748261298218e-11	0.8308026655382329	7.276403369677475e-13	0.8308042254244483	2.906254771453388e-12	0.021339275361161543	2.2298710746315648e-14	0.0	0.028560175524951038	1.727973502284934	414.4556531786817	414.7535550890022	-829.2092082676841	13.003223901268253	-414.4556531786817	0.022499999999999996	2.4	2.4	0.09999999999999999	0.09999999999999999	65.85790118400057	37.526364311976955
54.01138211543093	5.522294188771426e-11	0.9340024607671932	4.741593342493859e-13	0.9340144215461649	1.87908626628002e-12	0.029703896046805348	1.595408249702978e-14	0.0	0.03490220031706574	1.9259014553065372	407.33061536488066	407.631581692538	-814.9621970574187	12.989973266424656	-407.33061536488066	0.024999999999999994	2.4	2.4	0.09999999999999999	0.09999999999999999	53.5070488257657	30.39635509270133
45.38645590262145	5.7869007762806346e-11	1.1449042012957942	9.66158256758329e-13	1.14493485616057	2.815258669300206e-12	0.05268559258113527	4.871368388839513e-14	0.0	0.049575342021362476	2.3261107163866437	441.66223155780733	441.9702866104793	-883.6325181682868	12.958173274876183	-441.66223155780733	0.030000000000000002	2.4	2.4	0.09999999999999999	0.09999999999999999	37.417137506608974	21.108579925487035
39.274877096573746	1.059242461538129e-11	1.3621519416413739	4.596569967839982e-13	1.362192001360891	1.1133360089881756e-14	0.08562450363581184	5.136678240647107e-15	0.0	0.06676759574442107	2.7308772705311486	453.26069286935126	453.57677932137216	-906.8374721907235	12.92401113067286	-453.26069286935126	0.035	2.4	2.4	0.1	0.1	27.71373801300994	15.5083444350517
34.738290780935095	2.8112934072691e-13	1.5860260542946611	5.713809097834415e-14	1.5860686440823992	5.817117400630554e-14	0.13054252154873075	8.409085828858335e-15	0.0	0.08634141858048727	3.139325367633129	457.6629555816387	457.9881456529668	-915.6511012346056	12.886304399392671	-457.6629555816387	0.04	2.4	2.4	0.09999999999999999	0.09999999999999999	21.414158039296566	11.873576208086458
31.251185413600265	8.149388282252534e-13	1.816746479236477	2.5459342039937492e-14	1.8167886244429279	8.334322607906883e-14	0.18954891567292537	8.832556947056578e-15	0.0	0.10816628821420231	3.550951972992667	461.83911630096486	462.1746045735265	-924.0137208744914	12.844664490927922	-461.83911630096486	0.04499999999999999	2.4	2.4	0.09999999999999999	0.09999999999999999	17.093493694914624	9.381591077994239
28.496697483168646	1.4686585552304426e-12	2.054494854737699	1.3570819518954173e-13	2.054535622835285	4.624188845363359e-13	0.2648402604446298	4.24850679245801e-14	0.0	0.13211287038049807	3.9654502469420247	466.0966450183128	466.44370229924823	-932.540347317561	12.79918124358293	-466.0966450183128	0.04999999999999999	2.4	2.4	0.1	0.1	14.001275544296817	7.599088773175333