SigmaE11	SigmaE12	SigmaE21	SigmaE22	SigmaAlpha11	SigmaAlpha12	SigmaAlpha21	SigmaAlpha22	SigmaAlphaBar11	SigmaAlphaBar12	SigmaAlphaBar21	SigmaAlphaBar22	SigmaKappa11	SigmaKappa12	SigmaKappa21	SigmaKappa22	SigmaQ011	SigmaQ012	SigmaQ021	SigmaQ022	Mu	Ttt	Txx	Tyy	Txy	rho	MuRho	T	S	Omega	EInternal	A0	B	P	muTB	c1
2782.42330790328	-1.3458100056595867e-07	3.368199941178318e-09	2782.423321220581	10.16679220632379	-2.129896791635567e-10	-1.866097685671702e-10	10.166792255436043	10.166792360027722	-4.919673575895422e-10	1.2299984551843512e-11	10.166792408706545	0.03716215471560918	-7.792030843998267e-13	-6.814272154822694e-13	0.037162154895128675	1.000483520430862	-3.932680470415249e-11	5.39188144563905e-11	1.0004835203681068	1.0	-0.19899719975547253	0.09949859992470739	0.09949859983076514	0	0.293619302302445	1.029949847739889	0.000999999999999994	1.0728439912412417	-0.0956949465382137	0.19899719975547253	0.1	0.0	0.1	3.4390600442094232	0.0
2792.1978716923772	-4.0169516068999656e-07	2.731803760980256e-08	2792.1978866664226	20.55339201113246	-2.1206975646842996e-09	-4.5218994046622263e-10	20.553392122792207	20.55339236273795	-2.9578847425936283e-09	2.0114731324057244e-10	20.553392473004283	0.15134793161416274	-1.561524595834205e-11	-3.329687949544001e-12	0.15134793243640915	1.000622516108706	7.4695037891924e-12	3.2397567752143037e-12	1.000622516167823	1.0	-0.2011580819385376	0.10057904101580657	0.10057904092273101	0	0.2957368048802256	1.029805127436044	0.0019999999999999944	1.0883806983371977	-0.09675548433836237	0.2011580819385376	0.1	0.0	0.1	3.414200799486534	0.0
2800.6972363012674	-2.9817545055266237e-07	7.485652986360947e-08	2800.697252164595	31.148802168347597	-1.5694677046346173e-09	-1.6011971609333019e-09	31.148802348848456	31.1488027638815	-3.3177133705219245e-09	8.328143762117741e-10	31.148802940378562	0.3465546751136095	-1.7467832608898914e-11	-1.782097424675762e-11	0.3465546771218821	1.0007821848957974	-2.564675759983645e-11	-4.972870757041155e-11	1.0007821849139873	1.0	-0.20335026109494195	0.10167513059325486	0.10167513050168708	0	0.297869475012898	1.029660933909575	0.0030000000000000096	1.1041424631456445	-0.097831641307393	0.20335026109494195	0.1	0.0	0.1	3.389523837794453	0.0
2806.745539868638	2.0386858068377478e-07	-2.7837131710839458e-08	2806.74555681747	41.924061860888564	2.3928760930792115e-09	-1.5149104721881748e-10	41.924062112977204	41.92406274307718	3.045585777094565e-09	-4.159035683332627e-10	41.92406299633863	0.6264387050695253	3.574606856983366e-11	-2.272798868797836e-12	0.6264387088364315	1.0009623437367736	4.9386497147883e-12	-4.415874676453638e-11	1.0009623438209019	1.0	-0.20557418984417816	0.10278709496722215	0.10278709487695602	0	0.30001730752763683	1.0295172799258416	0.003999999999999995	1.1201317318969208	-0.09892364461104636	0.20557418984417816	0.1	0.0	0.1	3.365029087213313	0.0
2809.9076609415442	-5.59582986170426e-07	9.038103598868474e-10	2809.9076770225324	52.845536175692644	-1.1199563405014277e-08	3.9788665924675917e-10	52.84553647722532	52.84553739231765	-1.052673015600086e-08	1.7008957053948923e-11	52.84553769487201	0.994212787095343	-2.1067372072936577e-10	7.48145037591425e-12	0.9942127927685189	1.0011630191520453	3.0478966445132014e-11	-1.21778686601809e-11	1.0011630191934273	1.0	-0.20783032560445724	0.103915162846737	0.10391516275772023	0	0.3021802946921992	1.0293741776263945	0.004999999999999994	1.1363509375467327	-0.10003172377547562	0.20783032560445724	0.1	0.0	0.1	3.340716447134716	0.0
2809.9617004380125	1.3625708561448846e-07	-2.9085413189022802e-08	2809.961717139301	63.87680495329162	3.7123371174456626e-09	-5.903404417049788e-10	63.87680533385461	63.87680655023555	3.09673787229269e-09	-6.609965348105639e-10	63.87680693004437	1.4525823983968276	8.438862382341622e-11	-1.344766052323851e-11	1.452582407051368	1.0013842784715052	1.8572932957905942e-11	-6.298787667557774e-11	1.001384278565638	1.0	-0.2101191306161638	0.10505956535226246	0.10505956526390132	0	0.3043584262708546	1.0292316386834464	0.0059999999999999915	1.1528025061832767	-0.10115611069179042	0.2101191306161638	0.1	0.0	0.1	3.3165857883409826	0.0
2806.7860467278	-4.787842726727831e-07	2.5606709641579073e-08	2806.7860625261947	74.97963300490609	-1.2723177346662315e-08	8.35464234753952e-10	74.9796334269177	74.97963502594192	-1.2800117777877748e-08	6.84636906573656e-10	74.97963544814151	2.0036983154988355	-3.40103645006155e-10	2.2223757536688397e-11	2.003698326776881	1.0016261887712972	6.516852278245662e-11	-1.5642762016001498e-10	1.0016261889381894	1.0	-0.21244107194514464	0.10622053601618454	0.10622053592896007	0	0.30655168955078776	1.0290896743481766	0.007000000000000009	1.1694888583361756	-0.10229703961399636	0.21244107194514464	0.1	0.0	0.1	3.292636953106783	0.0
2800.3224030240417	-4.450498636288103e-09	1.851094566518441e-08	2800.322418547774	86.11471582549724	-2.192793122661339e-10	5.761429162570617e-10	86.11471630303035	86.11471831447037	-1.371734690640257e-10	5.695197593927188e-10	86.11471879204935	2.6491230491007416	-6.759309815192697e-12	1.772980596187731e-11	2.649123063791793	1.001888803053589	-5.874634549948576e-12	4.063678760324619e-12	1.0018888030658673	1.0	-0.21479662147834466	0.10739831078218963	0.10739831069615507	0	0.3087600693616668	1.028948295473307	0.007999999999999998	1.186412409188149	-0.10345474715682731	0.21479662147834466	0.1	0.0	0.1	3.268869755322983	0.0
2790.5602527359697	1.2495922874222742e-07	3.333298081997782e-10	2790.5602678525047	97.24234726557584	3.99431513580214e-09	3.4821210522511875e-11	97.24234779200792	97.2423502631354	4.356110665956941e-09	1.162166659038563e-11	97.24235079012118	3.3898109019617655	1.3924437214507982e-10	1.2143875240374807e-12	3.3898109203140216	1.0021721550983784	1.0035310740263051e-12	3.8794488942263235e-13	1.0021721551147493	1.0	-0.21718625591704138	0.10859312800114206	0.10859312791589934	0	0.310983548093587	1.0288075125265157	0.009000000000000001	1.2035755683874498	-0.1046294722920327	0.21718625591704138	0.1	0.0	0.1	3.2452839806424563	0.0
2777.5288194845984	1.1906864756383584e-06	-5.91201114730211e-08	2777.5288349411962	108.32304583007459	4.76512118861966e-08	-6.50001128642167e-09	108.3230464388103	108.32304937960298	4.644909264996722e-08	-2.3059893604364398e-09	108.32304998265725	4.226101679541866	1.8588889232558562e-09	-2.535938748999065e-10	4.226101703292326	1.0024762584725977	-3.689210802930584e-12	-1.534317315118045e-11	1.0024762585076132	1.0	-0.2196104567667544	0.10980522842581043	0.10980522834094396	0	0.3132221057151703	1.0286673355998575	0.009999999999999997	1.2209807396792924	-0.10582145634520881	0.2196104567667544	0.1	0.0	0.1	3.221879386647624	0.0
2493.811377081611	1.6943641867328552e-07	-3.535689074851689e-08	2493.811384231397	209.04928429307128	1.4382645353207827e-08	-3.1754640975097163e-09	209.04928489311638	209.04929472468157	1.4207956239801832e-08	-2.964931717171218e-09	209.04929532433803	17.531098572038726	1.2060464923357697e-09	-2.662966418282497e-10	17.531098622364883	1.0066469851185502	4.394657599168138e-16	-1.4421121861883535e-12	1.0066469851253714	1.0	-0.24586295976342878	0.1229314799203221	0.12293147984310668	0	0.336430924922916	1.0273008623635558	0.019999999999999993	1.4088667021659427	-0.11874529920280605	0.24586295976342878	0.1	0.0	0.10000000000000002	2.997725422294234	0.0
2062.636241557883	4.2385107690279256e-07	1.077404476745869e-08	2062.636244558056	278.5280308857367	5.7159906480352576e-08	7.411452246766192e-10	278.528031291399	278.5280482553033	5.727318706486783e-08	1.457541823675546e-09	278.5280486606966	37.629503982203076	7.723785477161037e-09	1.0056395781679601e-10	37.629504037017526	1.012764838986186	4.796468752936734e-13	9.327517145513984e-12	1.012764838988005	1.0	-0.2761368672573122	0.13806843366219823	0.138068433595114	0	0.3611085402390875	1.0260035464689639	0.02999999999999999	1.6235338869972993	-0.1336776895916943	0.2761368672573122	0.1	0.0	0.1	2.7912242752478287	0.0
1647.168448059374	-4.686844761181419e-07	-1.6030895721996785e-08	1647.1684485337241	318.14240719100144	-8.997133651278207e-08	-3.2599040986138723e-09	318.1424072834247	318.14242911712324	-9.057796875656707e-08	-3.097717831351369e-09	318.1424292088367	61.48572632603757	-1.7387961145204606e-08	-6.299085604709397e-10	61.485726343907146	1.0205650172501919	-2.7371179215733893e-12	5.742118589520112e-13	1.020565017250874	1.0	-0.31099014611052644	0.1554950730829587	0.1554950730275677	0	0.3871993334128909	1.024780261092886	0.039999999999999994	1.8672063774095482	-0.1508974423987464	0.31099014611052644	0.1	0.0	0.1	2.601717865394446	0.0
1313.9493101344146	-8.30919759664539e-08	3.590642450035375e-09	1313.9493102912816	339.8384289123643	-2.1333952734728474e-08	8.874707015559007e-10	339.83842895312745	339.83845250282343	-2.151950984285789e-08	9.30255109829339e-10	339.8384525434362	87.96438390218445	-5.525035236693926e-09	2.298987248424867e-10	87.9643839127382	1.02968676738692	2.185474813568146e-12	-5.218783474337712e-13	1.029686767389876	1.0	-0.35102365515769096	0.1755118275995234	0.17551182755816758	0	0.41463102744831204	1.0236335065383095	0.049999999999999996	2.1419424566790806	-0.17070449512457508	0.35102365515769096	0.1	0.0	0.1	2.4283509581069276	0.0
1065.1878847369728	-1.0689234386518365e-08	8.253095984400716e-10	1065.187884783573	353.59078008839674	-3.5707977609617357e-09	2.6524638464196673e-10	353.5907801038269	353.5908029177346	-3.559642539177728e-09	2.7396648786594155e-10	353.59080293322836	117.48970048180028	-1.1891202022150313e-09	8.796256563949596e-11	117.48970048693049	1.0397311281251405	-1.4456108778759447e-13	-7.671050429150772e-13	1.0397311281246857	1.0	-0.39687751204229266	0.19843875603462333	0.19843875600766928	0	0.4433194125896509	1.0225639893426186	0.059999999999999984	2.4496054902439615	-0.1934182299619959	0.39687751204229266	0.1	0.0	0.1	2.2701245741966263	0.0
883.1317703791549	8.580649080158764e-08	-5.241812317535732e-09	883.1317704826632	365.14749271344834	3.5492196370077933e-08	-2.1608773403310553e-09	365.1474927562605	365.1475130212575	3.551687543812901e-08	-2.16865138045657e-09	365.14751306408954	151.15689965474454	1.4690895592132838e-08	-8.93969049105149e-10	151.15689967246033	1.050309626739022	1.6216293423073127e-13	1.7847492466889245e-13	1.050309626739022	1.0	-0.449227031393086	0.2246135157038011	0.22461351568928492	0	0.47317309300394284	1.0215710670182383	0.07000000000000002	2.7918502493441624	-0.21937557906494826	0.449227031393086	0.1	0.0	0.1	2.1259504410758425	0.0
749.4262566725249	8.326784106671425e-08	-2.4018257382962815e-09	749.4262567413522	377.35729180436414	4.198826968358751e-08	-1.225227311908568e-09	377.3572918390805	377.35730841533547	4.203232526340798e-08	-1.2106868867090335e-09	377.35730845004554	190.27947324406676	2.1195039990552094e-08	-6.175980152245225e-10	190.2794732615745	1.0610782407760553	3.131334621347342e-14	1.5872656406343326e-14	1.0610782407762827	1.0	-0.5087785297697672	0.2543892648870652	0.254389264882702	0	0.5040977573017527	1.0206530548628963	0.08000000000000002	3.17012259839356	-0.24892903540347028	0.5087785297697672	0.1	0.0	0.1	1.994700908962646	0.0
649.9112148762418	1.4310629126157437e-08	2.14134487919182e-09	649.911214863996	391.5203278413113	8.623971427654837e-09	1.284855123200812e-09	391.52032783390194	391.5203400348453	8.652660253889597e-09	1.290747102966387e-09	391.52034002746115	236.24976823918485	5.21431578141681e-09	7.744812154141998e-10	236.24976823471727	1.0717555638765361	-6.754884303160251e-14	2.35379763103007e-14	1.071755563876991	1.0	-0.5762652334702234	0.28813261673402424	0.2881326167361992	0	0.5359996789833129	1.0198074378175508	0.09	3.5856692309669485	-0.2824446763001149	0.5762652334702234	0.1	0.0	0.1	1.8752507613188503	0.0
574.5848338694367	4.455171875861197e-08	-4.9379664801563194e-09	574.5848339155028	408.18360578743574	3.1758131258725404e-08	-3.5611939336247436e-09	408.1836058203594	408.18361318022755	3.170625567982505e-08	-3.509905610250434e-09	408.1836132130014	290.5197434567484	2.2601297263084662e-08	-2.531258731974585e-09	290.5197434801723	1.0821277579876778	-2.1853292848374784e-13	1.5987677387402632e-13	1.0821277579880189	1.0	-0.6524434535630226	0.32622172677714034	0.32622172678588224	0	0.5687883448206409	1.019031036392003	0.1	4.03955391842637	-0.3203002831002554	0.6524434535630226	0.1	0.0	0.1	1.7665093782759966	0.0
135.18676789522215	1.4190675301506417e-09	-1.6825651982799172e-11	135.18676848244516	0.49331652147158367	5.5123434736183575e-12	-1.834693030199813e-12	0.4933165255961182	0.4933143085044222	5.207384511945664e-12	-6.237026559589737e-14	0.4933143129041922	0.001813923300362975	2.0093053707568296e-14	-6.815023121557852e-15	0.0018139233336034802	1.02448076055461	-1.0142117609669778e-11	-4.9566132457106e-12	1.0244814880542492	1.0	-0.3030926407535121	0.15154619211596768	0.15154644863754438	0	0.36025938115837874	1.749763245748159	0.000999999999999994	1.3159538256850585	-0.05848269423055169	0.3030926407535121	0.5	0.0	0.1	3.4390600442094232	0.0
133.76548092079184	3.829185857284756e-10	-5.852029971720185e-11	133.76549107506793	0.9826647625422713	4.081114107392593e-12	-4.603480064024689e-12	0.9826648430207655	0.9826598495352097	2.845957950973672e-12	-4.3352732406742453e-13	0.9826599307940301	0.007274768358401649	3.045864434394083e-14	-3.413501605024514e-14	0.007274769036809463	1.0292671844275958	2.9746057665033792e-12	-9.63235125789778e-13	1.0292678698276063	1.0	-0.3057773024931617	0.15288852811164008	0.15288877438152162	0	0.36240754495377586	1.7461372435096925	0.0019999999999999944	1.331922850870544	-0.05929408816235526	0.3057773024931617	0.5	0.0	0.1	3.414200799486534	0.0
132.73831309634565	-1.9179740462504924e-08	-2.3641871749191523e-07	132.73833210321453	1.472277924410778	-2.164325832641279e-10	-2.844195886256338e-09	1.472278145764014	1.4722699096829521	-2.1434310549155165e-10	-2.63539347365815e-09	1.4722701332914838	0.016458025364541422	-2.435579531685315e-12	-3.173267133549651e-11	0.01645802804262677	1.0341481805166381	-1.346954432356087e-10	-1.7344548784307778e-10	1.0341488139407602	1.0	-0.30849319787115553	0.15424648066828067	0.1542467172028749	0	0.3645694818249784	1.7425248071663504	0.0030000000000000096	1.3480938109920022	-0.060120565386798885	0.30849319787115553	0.5	0.0	0.1	3.389523837794453	0.0
131.7880227510588	-2.6026597765849147e-08	1.4624713884359153e-08	131.78804897462663	1.9617792346260647	-3.7437782493165057e-10	1.241517528685493e-10	1.9617796431095649	1.9617677738270347	-3.9011962855706815e-10	2.1942363766314897e-10	1.9617681845281112	0.029434746511789848	-5.599108567473534e-12	1.8675722275800413e-12	0.029434753028741132	1.0393077821368877	5.464224092340548e-11	2.1735316161201815e-11	1.039308356711814	1.0	-0.3112407703899621	0.15562027155609467	0.15562049883386747	0	0.3667452494537658	1.7389262299975372	0.003999999999999995	1.364478036292402	-0.06096239120897329	0.3112407703899621	0.5	0.0	0.1	3.365029087213313	0.0
130.81525842677297	6.888827286388732e-08	-2.4465446557542236e-08	130.8152913674409	2.450108717675942	1.4614973466800237e-09	-4.210073129487663e-10	2.4501093603899426	2.450093524470343	1.3006215815622811e-09	-4.608396870224304e-10	2.4500941706587236	0.0462585687822677	2.760388426078751e-11	-7.961177450907983e-12	0.04625858155919155	1.0448037531452599	2.966065208976209e-11	-9.182159159268958e-11	1.0448042701126496	1.0	-0.31402047037034253	0.15701012594899794	0.15701034442134465	0	0.36893487963036675	1.7353417943686917	0.004999999999999994	1.3810817121990837	-0.06181981782101964	0.31402047037034253	0.5	0.0	0.1	3.340716447134716	0.0
129.77831448204716	-3.0377620419130835e-09	5.416175952177582e-09	129.77835299132343	2.9359838675458505	-7.703827932030737e-11	1.101210988999449e-10	2.9359847733311364	2.9359647203546246	-6.942220912671924e-11	1.2364561884409596e-10	2.935965630745854	0.0669626522515278	-1.7703023413737078e-12	2.5150170894632747e-12	0.06696267388139772	1.0506616067345362	-1.940353626681086e-11	1.5015937521217558e-12	1.0506620666633637	1.0	-0.3168327551633921	0.15841627253568485	0.15841648262770727	0	0.3711383910170412	1.731771774484322	0.0059999999999999915	1.3979095175387037	-0.06269309295888131	0.3168327551633921	0.5	0.0	0.1	3.3165857883409826	0.0
128.6581603804918	3.8468783714051824e-10	-1.1667360411138361e-09	128.6582036386	3.418057593257012	6.896887254291935e-12	-2.887909689629594e-11	3.41805878665815	3.418034339118671	1.0338587210389823e-11	-3.11336410010899e-11	3.4180355384561105	0.0915589522069906	1.8072491494121998e-13	-7.686133961824687e-13	0.09155898555264932	1.0568942538816657	-6.87361204708859e-12	2.4590805327149088e-12	1.0568946593561463	1.0	-0.3196780890318392	0.1598389434583994	0.15983914557343978	0	0.373355793219243	1.7282164363493797	0.007000000000000009	1.4149655071979337	-0.06358246273778934	0.3196780890318392	0.5	0.0	0.1	3.292636953106783	0.0
127.44685428999264	-9.569255610131222e-09	-6.582538958355144e-10	127.4469013751303	3.894995516890097	-2.0999993692846414e-10	-1.3866460316607335e-10	3.8949970100192703	3.894968074341043	-3.041362000716008e-10	-2.177224248017146e-11	3.894969575083129	0.12003862584582836	-6.585173636358109e-12	-4.294804945290293e-12	0.12003867372829624	1.0635082537497311	1.800721525662762e-10	2.5735746738203863e-11	1.0635086078655007	1.0	-0.32255694312847877	0.1612783743044924	0.1612785688239864	0	0.37558708866703083	1.7246760380358848	0.007999999999999998	1.432253423261819	-0.06448817292464659	0.32255694312847877	0.5	0.0	0.1	3.268869755322983	0.0
126.14268878876639	-5.17808018685173e-10	-2.7401725333220384e-10	126.14273879023214	4.365522005857732	-1.9282595640830113e-11	-8.02109562054969e-12	4.365523801416764	4.3654903671532015	-1.807250712280567e-11	-9.555224578547208e-12	4.3654921715010895	0.15237316470922455	-6.73521247272593e-13	-2.7876096949346474e-13	0.15237322981786441	1.0705062917028698	-4.2596610296850547e-13	7.313610639532728e-13	1.070506598483874	1.0	-0.3254697954319651	0.16273480407304988	0.1627349913589152	0	0.3778322735265293	1.7211508296310918	0.009000000000000001	1.4497768302691363	-0.06541046956698648	0.3254697954319651	0.5	0.0	0.1	3.2452839806424563	0.0
124.7477980780535	1.1866063687193673e-11	-1.2922285463901062e-10	124.74785013509715	4.828450571965281	-3.034585367961911e-12	-3.3554663062166047e-12	4.8284526629745725	4.828414801267799	5.466554128514235e-13	-5.07303390569759e-12	4.828416902587419	0.18851604447491319	-1.150810841486139e-13	-1.324074183791673e-13	0.18851612920442506	1.0778883162368231	9.343691372562104e-14	-2.0644601700039236e-13	1.0778885798796694	1.0	-0.32841713070974293	0.16420847515715983	0.1642086555525831	0	0.38009133823300173	1.7176410532430884	0.009999999999999997	1.4675391818884556	-0.06634959934214335	0.32841713070974293	0.5	0.0	0.1	3.221879386647624	0.0
107.31995636305987	-4.062918890213041e-10	-7.23261450730206e-11	107.31999761120505	8.867624327703759	-3.948282098453696e-11	-4.686029541433563e-12	8.867627907114477	8.867563340237034	-3.3877421838458207e-11	-5.967754617068463e-12	8.867566943578106	0.7407950835007935	-3.2931269519119674e-12	-3.852639292461613e-13	0.7407953960621889	1.1715461552919493	-1.4252839581530427e-14	-7.244936738533293e-16	1.1715462100872998	1.0	-0.3598984643254767	0.17994916860400678	0.17994929572146987	0	0.4034396324549682	1.6834396586203266	0.019999999999999993	1.6590262207716393	-0.07672169254492434	0.3598984643254767	0.5	0.0	0.10000000000000002	2.997725422294234	0.0
88.82909623540844	8.544169816104841e-10	-2.589573000477685e-11	88.82911568730236	11.737189307192793	1.169704768131176e-10	-9.094267150129222e-12	11.737192074310956	11.737142034949823	1.1409200443242942e-10	-3.4569670510498205e-12	11.737144830839872	1.5737550713099542	1.5625736222086775e-11	-1.2189045546419375e-12	1.5737554684162367	1.2925662498705464	2.8418051933111155e-13	-8.668977277718412e-14	1.2925663006236618	1.0	-0.3954096415705568	0.19770477337954062	0.1977048681910162	0	0.42813022085504876	1.6509906689951679	0.02999999999999999	1.877871404992928	-0.08905672143427978	0.3954096415705568	0.5	0.0	0.1	2.7912242752478287	0.0
73.63347624698945	2.4911628315749113e-11	-1.4482637311630242e-11	73.63348411914667	13.80174688155509	3.820742058738458e-12	-3.893797705680026e-12	13.801748520809221	13.80172321352291	4.544812279126616e-12	-2.745731627808561e-12	13.801724880132136	2.638006405221849	6.989764042400937e-13	-7.464758332498392e-13	2.6380067517305483	1.4244437195241488	2.7682720102762504e-13	-1.7838334260364036e-13	1.4244437806341494	1.0	-0.43553617488605495	0.21776804957790458	0.21776812530815043	0	0.4540874722175176	1.6204186516763142	0.039999999999999994	2.126810525711055	-0.10362371835990486	0.43553617488605495	0.5	0.0	0.1	2.601717865394446	0.0
62.32803358177603	8.713119115100199e-11	3.4561242756581123e-10	62.32803664312267	15.504038571866248	2.1138736802107833e-11	8.817700639263886e-11	15.504039443443965	15.504019040116647	2.136239520775692e-11	9.074660921992857e-11	15.50401993514725	3.955180034086346	5.113410893729429e-12	2.3134270104944654e-11	3.955180288915738	1.5533261992221412	-8.983607897271037e-13	-2.7787519886835157e-13	1.5533262512582837	1.0	-0.48091036515625846	0.24045515059997638	0.24045521455628205	0	0.48121979766361717	1.591795255903175	0.049999999999999996	2.408068465927339	-0.12071285580372565	0.48091036515625846	0.5	0.0	0.1	2.4283509581069276	0.0
54.09705715056836	5.933298297122747e-11	3.0971847309047007e-10	54.09705836082851	17.113354699127527	1.862529226387831e-11	8.269700189541918e-11	17.11335514668348	17.1133143527036	1.9217052678732124e-11	1.0096058671894552e-10	17.113314818817983	5.5863871625259955	6.069762410213855e-12	2.692171477188071e-11	5.5863873355560365	1.6720801350008543	3.679388819212087e-13	-2.535697659126479e-13	1.6720801701096235	1.0	-0.5322003888720412	0.2661001666282932	0.26610022224374796	0	0.5094353247789577	1.5651491232144241	0.059999999999999984	2.723401682875379	-0.14063903687943913	0.5322003888720412	0.5	0.0	0.1	2.2701245741966263	0.0
48.03268253477737	-1.2873613286501495e-10	3.0884628188232455e-11	48.032683040314595	18.759965350410138	-5.245638855114276e-11	1.0769936607676882e-11	18.759965583488174	18.759885410341536	-5.3484752683180335e-11	1.2793764739557044e-11	18.75988565712499	7.608720612540471	-2.1810423585973898e-11	4.464950076730201e-12	7.608720727405626	1.7785462354863668	-1.1718495467799125e-13	-7.076659334961264e-14	1.7785462561618246	1.0	-0.5901033177997115	0.2950516345061911	0.2950516832935204	0	0.5386481627323383	1.5404705568998844	0.07000000000000002	3.074221084292096	-0.1637403208330736	0.5901033177997115	0.5	0.0	0.1	2.1259504410758425	0.0
43.46326646738223	7.130551704648269e-11	2.5346835741402174e-11	43.4632666937447	20.504126776027977	3.498617445845225e-11	1.2983152634689668e-11	20.50412690217294	20.503995847719104	3.8137078582494426e-11	1.2955295494738102e-11	20.503995983515615	10.108497785843785	1.871670616485066e-11	6.634400275403122e-12	10.108497862718702	1.8728601395946853	-9.575538498393564e-15	2.9906243219482255e-14	1.87286015092959	1.0	-0.6553408319779909	0.32767039461794695	0.327670437360044	0	0.5687789310153087	1.5177157015715537	0.08000000000000002	3.4616946183209794	-0.19037366850299625	0.6553408319779909	0.5	0.0	0.1	1.994700908962646	0.0
39.93931743039753	-2.227151796319049e-11	1.3361867168271147e-11	39.93931753873043	22.37552755624327	-1.3290345515427166e-11	7.951271688665627e-12	22.375527627628436	22.375339954224632	-1.2958329613846137e-11	7.699595583526371e-12	22.375340032236416	13.181033830382658	-7.720681630140375e-12	4.574418939244235e-12	13.18103388288844	1.955951165755323	3.841508045945115e-14	-2.4267220569248115e-14	1.9559511717839655	1.0	-0.7286559497126791	0.36432795622137687	0.364327993491302	0	0.5997539981262093	1.4968123913259506	0.09	3.886808924629909	-0.220910851630222	0.7286559497126791	0.5	0.0	0.1	1.8752507613188503	0.0
37.16415381644857	1.9787949057104015e-11	-2.5122126601218042e-12	37.164153871646114	24.390564683099726	1.2529835745533023e-11	-1.7474371410812282e-12	24.390564725425428	24.390318714425995	1.5232191600525493e-11	-1.305738528380938e-12	24.39031876126966	16.93155513501485	9.645409446920767e-12	-1.0254927257699669e-12	16.93155517185204	2.028949666454629	-1.8865728853015064e-13	-2.4205187092304167e-13	2.0289496696428557	1.0	-0.8108101718119411	0.40540506973597495	0.40540510207596625	0	0.6315049591412563	1.4776671266221948	0.1	4.350405763851053	-0.2557353637144204	0.8108101718119411	0.5	0.0	0.1	1.7665093782759966	0.0
46.17086009231948	-1.8667201118205412e-10	2.296829393344524e-11	46.16681343071932	0.16808972320726084	-1.9059733337379818e-13	-3.119804589641574e-13	0.16807382378678212	0.16808249279820592	-7.070728479369266e-13	6.997285231837865e-14	0.1680666211830296	0.0006272750553539218	-1.2484821971999922e-15	-1.051353429221046e-15	0.0006272247951265254	1.1301089110120373	-3.5772460002474195e-11	1.2325184251900531e-11	1.1309668050160084	1.0	-0.5984966380367441	0.299239371658785	0.29925726637795913	0	0.5379734349460868	4.094960290484645	0.000999999999999994	1.9703054072608313	0.05855289768339644	0.5984966380367441	1.0	0.0	0.1	3.4390600442094232	0.0
44.23147504002119	-1.2719478803546735e-09	1.7205792346430826e-11	44.227201357471486	0.3239587077004312	1.0495705620656652e-11	-4.721064432748647e-12	0.3239247057276368	0.3239414740418591	-9.511847031023888e-12	1.1982809699883434e-13	0.32390758110471474	0.002437830038365069	7.906104024360628e-14	-3.5877959113078524e-14	0.0024376079026824445	1.1834939873494719	-6.5317562749084955e-12	-4.9132957463075595e-12	1.1843199421153798	1.0	-0.6034269051692496	0.30170474912319734	0.30172215604605224	0	0.5404284530667388	4.079207900539235	0.0019999999999999944	1.9914713578224028	0.05901550938686595	0.6034269051692496	1.0	0.0	0.1	3.414200799486534	0.0
42.71820213147457	-7.878142582740111e-12	5.170974759494129e-12	42.71405641718054	0.4717962462473309	1.5722180380558563e-15	3.0972695349700367e-13	0.47174567353806524	0.47176733729458187	-7.774290652761615e-14	5.831946284913442e-14	0.47171701118366094	0.005366198828397677	2.5608180284740856e-16	3.329063437016311e-15	0.005365688967991098	1.240413857993282	7.981445634636649e-13	-1.4544081634609329e-12	1.241197947802263	1.0	-0.6083889519443838	0.3041859849568798	0.304202966987504	0	0.5428753166223913	4.0635658879799825	0.0030000000000000096	2.012891109267998	0.05947496199418845	0.6083889519443838	1.0	0.0	0.1	3.389523837794453	0.0
41.42468564976537	5.2024162755515135e-11	2.3465833720592855e-09	41.420861034486	0.6128137574092759	-1.0194035782931618e-11	4.1610733291366825e-11	0.6127496356148032	0.6127722950151104	8.256985543263495e-13	3.759062242495403e-11	0.612708600515103	0.009358876255356864	-1.9523531316838463e-13	6.354155710312662e-13	0.009357986988741277	1.300713251949297	-1.71611541321229e-10	-1.1509913111645539e-10	1.3014451648787002	1.0	-0.6133857077712446	0.3066845430943085	0.30670116467693603	0	0.5453104098431614	4.048041092206003	0.003999999999999995	2.034778710236188	0.05993618308713844	0.6133857077712446	1.0	0.0	0.1	3.365029087213313	0.0
40.33299617231553	-3.610463039649403e-10	-2.414022759467116e-09	40.329635578962154	0.7487082865019421	-5.732573652576695e-12	-4.515976999474434e-11	0.7486350224185797	0.7486538995611065	-6.907662186696091e-12	-4.564344426510192e-11	0.7485812500656059	0.014382852683269325	-1.5750495144276322e-13	-8.313253194068615e-13	0.01438153734993696	1.361354685963171	-1.2984589937004285e-10	6.007191174007431e-11	1.3620254209667806	1.0	-0.6184210031783676	0.3092023383380008	0.30921866484036675	0	0.547728694764315	4.032642765544421	0.004999999999999994	2.057271627577646	0.060405950276164355	0.6184210031783676	1.0	0.0	0.1	3.340716447134716	0.0
39.466093919955725	-8.250486516203637e-09	1.6406742631147608e-08	39.463302986690884	0.8819846050812425	-1.7883564911963145e-10	2.4647418288200203e-10	0.8819077939602916	0.881917364881864	-2.0175111072897805e-10	3.640617862235662e-10	0.8818413185809355	0.020443225290012322	-4.120770415629021e-12	5.518927339611283e-12	0.020441505900066874	1.417423627228544	4.991016106569162e-10	3.388976728713208e-10	1.4180270811518838	1.0	-0.6234987301051061	0.31174131805481936	0.3117574120502868	0	0.5501250165862147	4.017380000126646	0.0059999999999999915	2.080438088860642	0.060891084985727595	0.6234987301051061	1.0	0.0	0.1	3.3165857883409826	0.0
38.83495872907544	-1.4923529079169384e-10	-4.972022793481301e-12	38.83278838243858	1.015454580207132	-1.85693725979919e-12	8.950200215011202e-13	1.015380158405858	1.0153754611469246	-3.823088272222028e-12	-1.326480095157251e-13	1.0153019032997623	0.027590188753254155	-4.9451530725926525e-14	2.5212190649664755e-14	0.027588164763846783	1.4641501466237088	-7.16966726494526e-12	1.1213276081815795e-12	1.4646844789393825	1.0	-0.6286211441566973	0.3143026157669412	0.31431852838975616	0	0.5524967491770354	4.002256835011934	0.007000000000000009	2.1042299651726717	0.06139478522345321	0.6286211441566973	1.0	0.0	0.1	3.292636953106783	0.0
38.41051654458557	5.377511769211196e-10	-1.1821654766208667e-11	38.40894703464333	1.1511406607437114	1.0636285633884415e-11	-2.2568075531355426e-12	1.151073476052452	1.1510520549516934	1.705542367190167e-11	-3.4095971324837033e-13	1.1509858212797037	0.035898012613174005	3.6438722720213825e-13	-7.743657165001102e-14	0.03589583360114632	1.4997594682666318	2.4455411146997342e-11	-8.146038621915693e-12	1.5002276298039519	1.0	-0.633787306662401	0.3168857733898326	0.31690153327256837	0	0.5548462403813931	3.9872679939405673	0.007999999999999998	2.128472952000195	0.0619132826650064	0.633787306662401	1.0	0.0	0.1	3.268869755322983	0.0
38.13238766252173	5.767120114796853e-11	-1.7889689729599922e-11	38.13134178515056	1.2896135294442839	2.3722825453434117e-12	-4.0450318435827904e-13	1.289556394471488	1.2895190296466041	2.1268574908283327e-12	-6.421282789584656e-13	1.289462981731241	0.045428760521626345	8.481737863199279e-14	-1.4652766132049462e-14	0.0454265775436719	1.5260359150100697	-1.6980760208226746e-12	1.3696652878686999e-14	1.5264438720910078	1.0	-0.6389936352124266	0.319489012614037	0.3195046225983896	0	0.5571799980400557	3.9724007878753276	0.009000000000000001	2.152949976242981	0.06243708738618403	0.6389936352124266	1.0	0.0	0.1	3.2452839806424563	0.0
37.939642393285	1.7573498212186678e-10	-4.350297899691213e-12	37.93901843983665	1.430402316593679	7.7606874344898e-12	-8.782875165631041e-13	1.4303561705199022	1.4303059620089291	6.691015389246867e-12	-1.4920687957934088e-13	1.4302611168958694	0.05621640189029874	3.066761158807951e-13	-2.6075063490178505e-14	0.05621433687419877	1.5461185692640527	6.567688535431884e-12	4.911749934860691e-12	1.5464729120841696	1.0	-0.6442361524980393	0.32211035374732466	0.3221257987507147	0	0.5595052174457869	3.9576417199896703	0.009999999999999997	2.177502281308737	0.06295591223916508	0.6442361524980393	1.0	0.0	0.1	3.221879386647624	0.0
36.30904432266641	-9.519496302345942e-12	2.34106067864559e-11	36.309473716001634	2.847435729045147	-1.6953376982854606e-12	1.8019999791982124e-12	2.847454926484104	2.8474781103621547	-4.708695276127522e-13	1.9068104844006733e-12	2.847501012906348	0.23412423114256894	-9.7724399702961e-14	1.2455845737108128e-13	0.2341254212115673	1.677810855072785	2.371180107622912e-12	-3.2720847085240253e-12	1.6779042545985163	1.0	-0.6984171460850692	0.34920216319815367	0.34921498288691566	0	0.5828958600590337	3.8149583353089582	0.019999999999999993	2.425052141318212	0.06702024319967126	0.6984171460850692	1.0	0.0	0.10000000000000002	2.997725422294234	0.0
33.80579047234212	7.496758769320877e-11	-7.481570918344005e-10	33.80608346724845	4.150167059904868	8.37830839968168e-12	-8.522454761438452e-11	4.150197265549079	4.150484349685225	1.1434338550480878e-11	-1.0428344910227036e-10	4.150518854620014	0.5383316267835885	1.2541310330729474e-12	-1.2029642881480345e-11	0.5383356915003407	1.8084071240312412	-3.2361355876564347e-12	-2.1489463057818272e-12	1.8084428258737049	1.0	-0.7560525073195774	0.3780213536968768	0.3780311536227008	0	0.6069235654143511	3.6807929715338035	0.02999999999999999	2.6881347322610227	0.0684848999373956	0.7560525073195774	1.0	0.0	0.1	2.7912242752478287	0.0
31.057865398090655	-1.2502443524908813e-10	-2.312994240583066e-11	31.05802609875441	5.316315265363939	-2.927790396565282e-11	-5.912045297822785e-12	5.316341416997219	5.316889783024482	-2.5897714768494236e-11	-4.815527830643735e-12	5.316919767240572	0.970963151171218	-5.995753201342024e-12	-1.2948186891385854e-12	0.9709686045718534	1.946294805885774	-2.669625311739595e-12	-3.2112049185670433e-12	1.9463116351375902	1.0	-0.8178197180950036	0.4089062295480157	0.40891348854698784	0	0.6316957346591628	3.5552550832475744	0.039999999999999994	2.9758521321643565	0.06708989814926658	0.8178197180950036	1.0	0.0	0.1	2.601717865394446	0.0
28.504033407318445	1.5196732761069143e-11	3.218758592993254e-12	28.50411798331796	6.388843882248426	4.0898582043631785e-12	6.920060563991355e-13	6.388863240603191	6.389575231163005	2.9581247265550255e-12	9.48673736144428e-13	6.389597515862848	1.5451745114822018	8.498252585500492e-13	2.0638452045340155e-13	1.545180150654688	2.085011916585003	5.835604552104703e-13	-3.658613193268203e-14	2.08502071880201	1.0	-0.8844783644760537	0.4422365221552396	0.44224184232081415	0	0.6572310980774299	3.438411336622244	0.049999999999999996	3.2924166467068856	0.0626264340632795	0.8844783644760537	1.0	0.0	0.1	2.4283509581069276	0.0
26.29117351560359	-1.972200180944128e-12	-1.8473667040552755e-11	26.291217902199563	7.416900698998812	-4.739952017159661e-13	-5.426002851834814e-12	7.416914135385301	7.417675043844768	-1.0812098555031552e-12	-5.572818121701851e-12	7.417690506935501	2.285457843587006	-2.9135066384049636e-13	-1.648358820843814e-12	2.2854629923880574	2.2189031072853496	6.264286980897785e-15	-1.3964933513823833e-13	2.218907934354835	1.0	-0.9568207043988463	0.47840840332410794	0.4784123010747383	0	0.6835235941136062	3.3301761148379048	0.059999999999999984	3.6405101387464467	0.054866501960453284	0.9568207043988463	1.0	0.0	0.1	2.2701245741966263	0.0
24.427371413054292	-8.780579152656287e-09	-3.676086102188947e-10	24.427394894503195	8.438897817874805	-3.448426311568858e-09	-1.213805988266776e-10	8.438906858628318	8.439622317054702	-2.7610572185616136e-09	-1.8569899948464257e-10	8.439632676517377	3.2251262056536176	-1.0741114572953597e-09	-7.52817416951125e-11	3.2251305827142707	2.3441703804154876	1.1329774529514445e-10	-7.954562467129657e-11	2.344173067799261	1.0	-1.035654735209622	0.5178259325795305	0.5178288026300916	0	0.7105549226943912	3.230318829000101	0.07000000000000002	4.022083768008922	0.043553948754606164	1.035654735209622	1.0	0.0	0.1	2.1259504410758425	0.0
22.871587601322023	5.56998891454441e-13	7.763456544296332e-12	22.871600126715567	9.481643462902563	5.560852852269723e-13	2.5358624442224086e-12	9.481649427691542	9.482254510535274	1.9973096246992193e-13	3.385630444643067e-12	9.482261302428995	4.404449532593494	2.454229610488873e-13	1.1064053823011716e-12	4.404453078349919	2.458740132400173	6.728083017467224e-14	1.4340149710535862e-13	2.4587416282705306	1.0	-1.1217953412319552	0.5608966053694139	0.5608987358625414	0	0.7382998789985367	3.1384920427312433	0.08000000000000002	4.438640479263198	0.028404223892362634	1.1217953412319552	1.0	0.0	0.1	1.994700908962646	0.0
21.57283333066717	3.279798654887145e-11	-1.836142349276315e-12	21.572840067455786	10.56343657333565	1.8434105422909852e-11	-7.581365241968363e-13	10.56344045669225	10.563896275414391	1.676504171153379e-11	-1.0199661113477095e-12	10.563900667249792	5.869813039221163	9.39136018949625e-12	-4.330310173831124e-13	5.869815813268225	2.5618277795528677	-1.3206241168867468e-13	-3.866302314152801e-14	2.5618286083462287	1.0	-1.2160600776524755	0.6080292401981853	0.6080308374542901	0	0.7667293576090246	3.0542639606300743	0.09	4.8913755851504925	0.009106917379906543	1.2160600776524755	1.0	0.0	0.1	1.8752507613188503	0.0
20.484172234485545	-1.1200360083840621e-11	6.3359595348089215e-12	20.484175887602614	11.696995730044856	-7.922678191423619e-12	3.870629202578202e-12	11.696998234828676	11.697285280575327	-8.897323449452861e-12	2.780036487504929e-12	11.69728809608643	7.673469430704357	-6.1842647642325396e-12	1.6185736215021813e-12	7.673471545767719	2.653502911359439	6.914489904939201e-14	-4.103565861957328e-14	2.6535033691556187	1.0	-1.319267649815021	0.6596332195787034	0.6596344302363178	0	0.7958122575458146	2.9771491865386928	0.1	5.381262019645416	-0.014670809695335185	1.319267649815021	1.0	0.0	0.1	1.7665093782759966	0.0
13.316940813366365	-4.75397499144492e-12	-4.4568793100552284e-12	13.338348004432298	0.04557735579752293	-7.218422043086259e-14	7.360466126223913e-14	0.04562512468960049	0.04557647045476617	-2.5182559682401497e-14	-2.359666977691575e-14	0.045619882710750785	0.0001850818452591973	-2.857193750171035e-16	-3.92497457672366e-16	0.00018524616374441302	2.0935006806883916	1.896637040027582e-12	-4.057534212909032e-11	2.1024184988976433	1.0	-0.976877986451114	0.4884599584136723	0.4884180280374418	0	0.7490237038440293	8.627322971541615	0.000999999999999994	2.954217310371707	0.22490006529671303	0.976877986451114	1.5	0.0	0.1	3.4390600442094232	0.0
15.340086216711116	-8.977130150356061e-11	3.2680569361787093e-10	15.35394880665458	0.10615210984588262	7.641293041400836e-12	-2.976159226518674e-12	0.10621805340638263	0.10615077178410949	-1.1750144833119076e-12	1.9506981751225777e-12	0.106210756869289	0.0008491468934950557	8.394937645671685e-14	-2.7050142985408056e-14	0.0008495988954143356	2.0701461474813634	4.1380968903008907e-10	3.2212133423513367e-11	2.075330029763803	1.0	-0.9893307700407451	0.4946699650683351	0.4946608049724101	0	0.7514711584578856	8.58814867859059	0.0019999999999999944	3.071171508005329	0.23171726856684882	0.9893307700407451	1.5	0.0	0.1	3.414200799486534	0.0
16.78536323940139	1.666400351041375e-11	-9.07718344933528e-13	16.795934120565047	0.17581999185004302	8.542384673436819e-14	1.9390689136022228e-14	0.17589580294725224	0.17581596196638777	2.1773582099950634e-13	-2.4156475063879043e-15	0.17588755265192982	0.002094922279645396	1.246586889332668e-15	-4.85589078984237e-16	0.002095709650375572	2.0297031844278077	1.3958914784447327e-15	-5.752782947824601e-12	2.0334491090588376	1.0	-1.0018290762853004	0.5009094396828331	0.5009196366024673	0	0.7538516566519085	8.549510215373761	0.0030000000000000096	3.146716283224034	0.23853727078371978	1.0018290762853004	1.5	0.0	0.1	3.389523837794453	0.0
17.845910899804217	-4.622791038855212e-11	2.454036973631446e-12	17.854524124855374	0.25101909398527167	-1.3989019121106514e-13	-3.4576632167263266e-14	0.2511016915083246	0.25101061887279175	-6.720502947815545e-13	4.011120282189916e-14	0.25109149477080744	0.003976259121615459	-2.5296025510329308e-15	-4.929293343146535e-15	0.003977404771786978	1.9997458982306586	-5.051843684123321e-12	-1.754053002209162e-11	2.002604926805949	1.0	-1.0143270896323684	0.5071523331168678	0.5071747565155004	0	0.7562068949334073	8.511212229185256	0.003999999999999995	3.2044005434760647	0.24530259252505693	1.0143270896323684	1.5	0.0	0.1	3.365029087213313	0.0
18.663718832644793	6.585842982076429e-12	-3.47633033470629e-12	18.670965663056094	0.3301108288775259	2.757016453817843e-13	-1.7866104695907335e-13	0.33019914665055794	0.3301004370846728	1.0049683891447875e-13	-9.391668874745931e-14	0.33018878834634535	0.006531150699373147	4.8645184902110304e-15	-3.969208338638448e-15	0.00653268964027748	1.979104755478616	-1.3622350544606991e-15	1.605743713172248e-13	1.9813535508673539	1.0	-1.0268113055024424	0.5133903723676709	0.5134209331347713	0	0.7585486963022737	8.473188431299906	0.004999999999999994	3.2528239513562927	0.2519984894433872	1.0268113055024424	1.5	0.0	0.1	3.340716447134716	0.0
19.318590610286982	7.465352780400281e-10	-1.361319945658579e-09	19.324831632746438	0.4121880743432154	1.616970475180121e-11	-5.924892610313858e-11	0.4122805309403686	0.4121786087939726	2.3175293607283585e-11	-4.4180528078486015e-11	0.4122723445190474	0.009790217039430924	7.535159957900721e-13	-1.829564412329577e-12	0.009792153385750499	1.965031811744904	4.2570357828611766e-10	-2.4980075676448446e-10	1.9668660868139405	1.0	-1.0392764475817686	0.51962016790374	0.5196562796780289	0	0.7608823547156421	8.435409717934396	0.0059999999999999915	3.2958384026929677	0.2586190624499688	1.0392764475817686	1.5	0.0	0.1	3.3165857883409826	0.0
19.85677344585229	1.3322676295501878e-14	1.0450325049760067e-09	19.86224864430115	0.4966541253138458	-2.58929993562063e-12	2.1112006329959813e-11	0.49674902314997055	0.49664754154130375	7.554597491611135e-14	3.190744353550179e-11	0.4967448871949714	0.013779168295960506	-1.7321860472748953e-14	5.541459271426923e-13	0.013781477404201884	1.9556893575057224	6.811590057089743e-11	-1.460782748858427e-10	1.957235253384905	1.0	-1.0517196690051092	0.525839859776557	0.5258798092285522	0	0.763211337100881	8.397859791842563	0.007000000000000009	3.3354123159547	0.26516044569254527	1.0517196690051092	1.5	0.0	0.1	3.292636953106783	0.0
20.306967817276924	1.7188028778036823e-11	-4.7913673029142956e-11	20.311845608018146	0.5830736445216472	8.67835700061994e-13	-5.819987694216629e-13	0.583169901764245	0.5830715275174009	8.70433908854055e-13	-3.064120271923645e-12	0.5831714757037406	0.01852004875811678	9.013833051786806e-14	8.291209469570481e-15	0.018522704982218734	1.9499081244737546	5.1808321239441665e-11	7.509890293298066e-11	1.951241553462669	1.0	-1.0641393007591244	0.5320483443746479	0.5320909563844767	0	0.765538083255359	8.360528737351572	0.007999999999999998	3.3726657188028124	0.2716198917533429	1.0641393007591244	1.5	0.0	0.1	3.268869755322983	0.0
20.68813182099866	-5.950795411990839e-13	-3.269873261046996e-10	20.69253363773661	0.6711090958202637	-6.272809868397669e-13	-1.0278705071003981e-11	0.6712063275528296	0.6711131802555497	-2.427395420005217e-13	-1.124670404368748e-11	0.6712153782827296	0.024032045988808214	-6.232696385305212e-14	-3.6004165529286574e-13	0.024035039929064972	1.9468993930933784	-2.490526754067483e-11	-6.651232770211661e-12	1.9480667933388673	1.0	-1.0765344240127335	0.5382449924432767	0.5382894315694567	0	0.7678642873208975	8.32341049643886	0.009000000000000001	3.408291884188595	0.27799550973413856	1.0765344240127335	1.5	0.0	0.1	3.2452839806424563	0.0
21.013425054305596	-6.862954649022868e-12	-1.779909553079051e-12	21.01743871261889	0.7604874638839244	-2.219150818685809e-13	4.63127127377908e-14	0.7605857026033991	0.760499827429928	-2.582347241495567e-13	-4.290128523701603e-14	0.7606042501054067	0.030332027730458008	-6.096302784824343e-15	3.347618897631613e-15	0.03033536776321409	1.9461015576441625	1.3432854661659092e-12	2.3898120823316304e-13	1.947133632254225	1.0	-1.0889046191097862	0.5444294836402596	0.5444751354695266	0	0.7701911180367937	8.286501447595201	0.009999999999999997	3.4427477843088696	0.2842860232299038	1.0889046191097862	1.5	0.0	0.1	3.221879386647624	0.0
22.504552562214627	-2.1713297826408962e-10	-1.5755308169218551e-10	22.506523488599818	1.6894127262390204	-2.2919946463468484e-11	-1.3441521383802253e-11	1.689517427950913	1.6896577779560868	-1.3368672527359412e-11	-1.3494334027059748e-11	1.689775628842286	0.1392343023683182	-1.8877117133519504e-12	-1.3667825966041183e-12	0.13924204416329045	2.002928289220197	-5.4738259368207345e-11	-3.195347047367012e-11	2.003338610706315	1.0	-1.2112903834363162	0.6056234292308956	0.6056669542054206	0	0.7936039113951782	7.928754394011807	0.019999999999999993	3.764215458978282	0.34240216286157243	1.2112903834363162	1.5	0.0	0.10000000000000002	2.997725422294234	0.0
22.39345950167957	-5.426770144367765e-13	7.247091815543172e-12	22.394618160878995	2.610295969128674	8.496043838644165e-14	7.110265901666812e-13	2.6104026077338287	2.611019955145368	3.9139078357798964e-14	1.073938125671313e-12	2.611143251036799	0.3360873860214	2.5764349920415062e-14	1.0282939658501941e-13	0.33610140624763957	2.114403673632175	4.788477169580374e-14	-4.131697398912917e-13	2.114622228190399	1.0	-1.3317743505347794	0.6658695526045827	0.665904797930197	0	0.8174156533296005	7.591938484913611	0.02999999999999999	4.086282797415773	0.3917702132827058	1.3317743505347794	1.5	0.0	0.1	2.7912242752478287	0.0
21.598776115514916	7.51887441197141e-12	5.058176100192213e-13	21.599524871820346	3.4772588401996285	1.1997853793277617e-12	-1.636924425629995e-13	3.4773660448074297	3.478572405260541	7.045261279236501e-13	7.706687989279904e-14	3.478695454562181	0.6251680649576472	1.0513513119905671e-13	-4.8909978351885664e-14	0.6251893612827418	2.2505442951864865	1.7815407622123638e-13	-5.257180418063437e-13	2.2506712235418647	1.0	-1.4514214263292597	0.7256969619270207	0.725724464402239	0	0.8417034902975238	7.276647083257794	0.039999999999999994	4.427241995556242	0.4326282562094863	1.4514214263292597	1.5	0.0	0.1	2.601717865394446	0.0
20.542905692996698	1.3575363055906564e-11	4.837463762896732e-12	20.543380854702818	4.288638531090583	4.158437028662775e-12	8.037438207912792e-13	4.288734571260255	4.290490671776608	2.7875006116976275e-12	1.1587992537983938e-12	4.290599544218889	1.0140640530213842	9.119552455502521e-13	2.002844853661089e-13	1.0140902628058424	2.3977366995368143	5.103745914820428e-13	1.1988597571522518e-13	2.3978140628361437	1.0	-1.5715806850815517	0.7857797691014852	0.7858009159800667	0	0.8664958901494599	6.9831492219316305	0.049999999999999996	4.793307890917902	0.46541940038619667	1.5715806850815517	1.5	0.0	0.1	2.4283509581069276	0.0
19.448157343086464	-9.308109838457312e-13	-4.2870151872875795e-12	19.448450600891665	5.062705021030537	-3.591643377426801e-13	-1.16483880669324e-12	5.062783806997715	5.064944768189245	-1.0147957527451814e-13	-8.062613387834728e-13	5.065033055754431	1.51714635915601	-6.353098991907896e-14	-2.425337010881624e-13	1.5171744087434802	2.546477980115256	-1.0087953275643787e-13	-4.0968277787973834e-13	2.5465260833147525	1.0	-1.6937253132073005	0.8468545734596364	0.8468707397476638	0	0.891805397531558	6.71126664663826	0.059999999999999984	5.187921510171439	0.49064462506545625	1.6937253132073005	1.5	0.0	0.1	2.2701245741966263	0.0
18.419851570091815	9.909184583989372e-12	-3.099742684753437e-12	18.420029946511182	5.821989782661696	3.781426305141214e-12	1.6293398801326597e-13	5.822051182437096	5.8244402895249	2.7246531700654293e-12	-1.348174305945665e-12	5.824508301218394	2.155761773211324	1.039609262168808e-12	-3.085272986352306e-14	2.1557893321535704	2.6899911204265337	-8.017510056334773e-14	-1.2412069479529485e-13	2.690021018251226	1.0	-1.8193454677774008	0.9096665601039732	0.9096789076734276	0	0.917636029223861	6.460415010150671	0.07000000000000002	5.613435652666402	0.5087689428668916	1.8193454677774008	1.5	0.0	0.1	2.1259504410758425	0.0
17.497837259974165	-6.152856002472618e-13	5.691003224228552e-13	17.49794490784375	6.586195034414997	-1.189981323005972e-13	3.7369198328634694e-13	6.586241290202041	6.588700114913612	-1.1949905989213387e-13	1.5734692236379248e-13	6.588750766644692	2.9572458793526883	1.2584361938837833e-14	1.4657572785967881e-13	2.9572713981864447	2.823892058774943	-2.157492489619135e-14	1.1339945122183451e-13	2.823910466250801	1.0	-1.9498839607869212	0.9749372555772893	0.9749467052096321	0	0.9439857916392032	6.2296921658254725	0.08000000000000002	6.071623701572915	0.5201682730218846	1.9498839607869212	1.5	0.0	0.1	1.994700908962646	0.0
16.689208430225747	6.697975507563569e-13	-6.237232952344129e-13	16.689273023764386	7.370420367280375	4.091586832786174e-13	3.818656499995778e-13	7.370454299014735	7.372862382092273	1.8250550893511799e-13	-4.189550913054961e-13	7.372899145418627	3.9539713025867735	1.183714011797546e-13	1.8502221822356643e-13	3.953993861255955	2.945786713791671	-2.190800051204228e-14	8.828602554407375e-14	2.9457979174849864	1.0	-2.0867044305005407	1.0433485851886943	1.0433558453118466	0	0.9708482584982301	6.017974519506904	0.09	6.563887875443296	0.5251062632124139	2.0867044305005407	1.5	0.0	0.1	1.8752507613188503	0.0
15.98672559989641	-1.862621168413625e-12	2.2448709557920665e-13	15.986764192271622	8.185618246922568	-3.655703358699173e-12	2.882227999208212e-13	8.185642594385401	8.18791854354545	-6.287857541752795e-12	1.2145454881094351e-12	8.18794467955392	5.182755783627308	-5.800594435523709e-12	6.325366073919041e-13	5.1827749819406606	3.0547685036172005	-6.29765958932991e-13	-5.708065927403228e-13	3.0547752552695204	1.0	-2.231081737705956	1.1155380650283242	1.1155436726776318	0	0.9982137875627467	5.82400480614422	0.1	7.091368323842989	0.5237311177589105	2.231081737705956	1.5	0.0	0.1	1.7665093782759966	0.0
5.887765781669376	-3.8058445284150366e-13	9.938716516444401e-13	5.898458342457291	0.01638484437820068	-3.434884192237826e-14	1.614137308382437e-14	0.016421169954753338	0.016410036043267302	-1.634818442646087e-15	4.303189180565803e-15	0.01641842486207505	8.210029565747253e-05	-1.4799324917467013e-16	8.31636989911179e-17	8.225778114557742e-05	2.612797224535727	9.064731747817476e-13	2.2689634770722163e-13	2.620838386087028	1.0	-1.1563341007745647	0.5782209563156486	0.5781131444589159	0	0.9625161423142709	16.28685547278735	0.000999999999999994	4.531082792253728	0.18928687566804003	1.1563341007745647	2.0	0.0	0.1	3.4390600442094232	0.0
8.704595213516335	1.1088463480746213e-11	8.175682353339653e-12	8.71224679495931	0.054736321171961505	3.4468869150275275e-14	3.041064757484664e-13	0.054775382736597385	0.05476593787282822	5.2063031899917556e-14	1.2052316499702975e-13	0.05478210943762294	0.000480938917227475	1.2125597742457685e-15	3.682324380699226e-15	0.0004812358175877064	2.471608326175364	1.6949052729528464e-11	7.55560881443515e-12	2.476819376847245	1.0	-1.1856858996974027	0.5928521942146356	0.592833705482767	0	0.9649951617767016	16.20682438491519	0.0019999999999999944	4.736145590043682	0.21121844674061374	1.1856858996974027	2.0	0.0	0.1	3.414200799486534	0.0
10.40987571282659	-1.0937917238607042e-12	-1.0103029524088925e-12	10.415119531449776	0.10191448177680086	-3.8126287422854515e-14	-4.127072349896623e-14	0.10196247226607315	0.10195091914057039	1.304859085230212e-14	-2.4639604565156624e-14	0.101978050141444	0.0012938895004087892	7.85156470994413e-17	-7.320074175732527e-16	0.0012945243093737194	2.379611082348429	1.3690595469673062e-12	-3.6065408141576027e-13	2.3828763097480223	1.0	-1.215032870837176	0.6075027530702769	0.607530117766899	0	0.9674496120599685	16.127632248899815	0.0030000000000000096	4.848943601715619	0.2330364279720607	1.215032870837176	2.0	0.0	0.1	3.389523837794453	0.0
11.569594977534464	-1.0231815394945443e-12	6.488143355909415e-13	11.574523941813649	0.15396739673420937	-3.246508211124719e-14	-1.3197187850100484e-16	0.15402912824612197	0.15401588435869729	-3.754599943353588e-14	2.0426772319233655e-14	0.15405577146782665	0.0025635330325147997	-1.0932197071324489e-15	6.213703940764031e-16	0.0025646297205276715	2.319304667382685	-7.621116871781076e-13	1.6720332358300447e-12	2.3220864493592277	1.0	-1.2443489689701326	0.62214947159479	0.6221994973753426	0	0.969896933209421	16.049099377946987	0.003999999999999995	4.930060351051122	0.25473179435650717	1.2443489689701326	2.0	0.0	0.1	3.365029087213313	0.0
12.427555229859735	2.5984547846746864e-11	-2.0012227430754592e-09	12.432561692877792	0.20935684138974872	4.754989322712837e-12	-1.5025207944000818e-11	0.20942606271753847	0.20941092121465107	-2.685822884649674e-12	-5.225706014534454e-11	0.20946033734951539	0.0043196241066583265	-7.229629473948599e-15	-4.275852065552056e-13	0.004321071235765903	2.2781515003919726	-9.132239102880591e-11	2.552356181618636e-10	2.280807335414366	1.0	-1.2736101078536795	0.6367738059755663	0.6368363018781129	0	0.9723424506262376	15.971109821235336	0.004999999999999994	4.995997203392172	0.27628767121048103	1.2736101078536795	2.0	0.0	0.1	3.340716447134716	0.0
13.100381946610447	1.531912374730382e-10	7.889870978772251e-10	13.10532523720484	0.26731705954017243	-2.0907069393393848e-11	3.221099987411437e-11	0.26738952863356713	0.2673702124979576	1.791240686628194e-12	3.3821492960528604e-11	0.2674276905101453	0.006586883389357486	-3.091488720672419e-13	7.802023477627059e-13	0.006588588163038408	2.24963284589548	4.1985810740786907e-10	-6.058381217840563e-10	2.2521102024234363	1.0	-1.3028004059621474	0.6513649066414172	0.6514354993207304	0	0.9747874215578162	15.893598777377184	0.0059999999999999915	5.053246488903535	0.2976935054709101	1.3028004059621474	2.0	0.0	0.1	3.3165857883409826	0.0
13.649943418953754	8.189626754528945e-11	3.8467717899948184e-10	13.654697205095188	0.3273948478797029	1.4569026932271097e-12	9.720866942385734e-12	0.327469992482549	0.3274452033647926	1.7759626296893743e-12	1.029595877977715e-11	0.3275108848338698	0.00938719972070955	3.59084266909218e-14	2.7874985074392245e-13	0.00938916372714279	2.2297248517438675	1.2821977704424475e-11	2.562285019411069e-11	2.2319560418481075	1.0	-1.331910470622628	0.6659170382015036	0.6659934324211244	0	0.9772315091159879	15.816535352057372	0.007000000000000009	5.105017625274175	0.3189438381297208	1.331910470622628	2.0	0.0	0.1	3.292636953106783	0.0
14.11164687202411	1.9941825968317062e-11	-1.8855317307497899e-10	14.116161555201685	0.389273999157075	4.0144873100864e-13	-7.455670510238295e-12	0.38935296736206587	0.3893233423983088	7.145243995735844e-13	-7.290200271873314e-12	0.38939763218423995	0.012740118994486325	5.836055587791653e-14	-3.378719808783991e-13	0.012742405738557486	2.2158824348019586	4.0334915293635706e-11	-5.344620258127261e-11	2.217849204659661	1.0	-1.360933985694329	0.6804266595641295	0.6805073261301996	0	0.9796743599324829	15.739905022913877	0.007999999999999998	5.153117599936232	0.34003468496235634	1.360933985694329	2.0	0.0	0.1	3.268869755322983	0.0
14.507263762749403	-3.4564795470259924e-11	-1.8300871929000095e-10	14.51153869690971	0.45271027347506426	-2.5612605215270328e-12	-6.310988619560037e-12	0.45279462221038785	0.4527623088530882	-1.3406352155473815e-12	-4.396526089835254e-12	0.4528454086203317	0.01666316751533426	-8.854909029439963e-14	-1.7568034098825203e-13	0.0166658676672302	2.2064723032949196	6.084089658894764e-12	-2.1771732125725027e-11	2.2081909318767465	1.0	-1.3898659893677519	0.6948911101276418	0.6949748792401098	0	0.982115897370816	15.663700751234446	0.009000000000000001	5.198650864828884	0.36096223421347595	1.3898659893677519	2.0	0.0	0.1	3.2452839806424563	0.0
14.851047708965757	-2.885558458842752e-11	2.6649793483102258e-12	14.855103784811572	0.5175039886632514	-9.123328738435634e-13	2.159881573217803e-13	0.5175950505351394	0.5175631490701947	-1.5627783839912858e-12	9.817330252229612e-14	0.5176549975524241	0.02117214645625467	-6.684542527219674e-14	1.0459972146593347e-14	0.021175355632622787	2.2004175717548335	-8.296143182305892e-12	1.2354899075159773e-12	2.2019200902183975	1.0	-1.418702176250814	0.7093081239141923	0.7093940523366217	0	0.9845562551747569	15.587919073169472	0.009999999999999997	5.242333461747292	0.38172258645858426	1.418702176250814	2.0	0.0	0.1	3.221879386647624	0.0
16.73784799592771	9.013922941392138e-10	5.029576755077869e-11	16.74056828740265	1.2107566528407179	6.648037756206584e-11	-1.3870244496248786e-11	1.210902828123375	1.2110901835392451	1.2830527988191794e-10	-8.066446100569473e-12	1.211240971750518	0.10107740225195892	9.635489910788221e-12	-1.4962952239222144e-12	0.10108811055159479	2.2307923708232487	-4.913189264759024e-11	9.835404283565444e-11	2.2314918962377934	1.0	-1.7010468033753348	0.8504821507317033	0.8505646526436317	0	1.0089599024882705	14.853276150806698	0.019999999999999993	5.639664385291445	0.5792936131812354	1.7010468033753348	2.0	0.0	0.10000000000000002	2.997725422294234	0.0
17.249788113463627	-7.954081837624472e-12	-2.4654500663245926e-11	17.251699166236705	1.928873301433905	-1.3964377672617946e-12	-1.9688865637307407e-12	1.9290353220812047	1.9297567580464652	-1.0204003213322912e-12	-2.6877489246662087e-12	1.9299430018949568	0.24956472955793862	-1.8488201098864216e-13	-2.3311891612172014e-13	0.24958654487902443	2.3347947349889626	-3.1881375236286775e-13	-2.588776946443305e-12	2.335317267271268	1.0	-1.9708966667858832	0.9854142312094961	0.9854824355763872	0	1.033515710763641	14.161362168641553	0.02999999999999999	6.026469793029953	0.7565868622313436	1.9708966667858832	2.0	0.0	0.1	2.7912242752478287	0.0
17.127500369880735	4.18349799247153e-11	7.333689211463934e-12	17.12894008660686	2.6284770634037424	8.376137165225769e-12	9.541613701013213e-13	2.6286673329631363	2.6301114342563627	5.41887700827623e-12	2.4662255019515104e-12	2.6303334736751545	0.47172790399502085	1.0787914172161556e-12	3.5017707505458045e-13	0.47176783167655867	2.472468262194054	-1.5456292459491795e-12	-8.49195531818478e-13	2.472850347555479	1.0	-2.227563680264909	1.1137543989186995	1.1138092813462093	0	1.0583029082923525	13.513179040042127	0.039999999999999994	6.427518845862494	0.9121600181380567	2.227563680264909	2.0	0.0	0.1	2.601717865394446	0.0
16.68518091969332	1.539968152997062e-11	1.7335466395707044e-11	16.686254944074296	3.296443189167284	4.51687568366867e-12	3.0972025822346085e-12	3.2966482232781535	3.298882968634036	3.787745623715353e-12	1.3885383152020443e-12	3.299116006819786	0.7735583114955756	1.2436540670561843e-12	3.198564694383177e-13	0.7736166750970014	2.627313358566589	2.596999913859052e-12	4.0229010566059245e-12	2.6275805742292384	1.0	-2.471981518035217	1.235968903298988	1.236012614736229	0	1.0833397939589753	12.909198037176088	0.049999999999999996	6.850504706954818	1.0461164887285006	2.471981518035217	2.0	0.0	0.1	2.4283509581069276	0.0
16.102800803006488	8.165024212303251e-12	2.084776795641119e-12	16.103558599199292	3.936958058041987	3.0270745981646144e-12	6.132789753939554e-14	3.9371514722643424	3.940115242152067	1.5010174093134993e-12	7.19746944248233e-13	3.9403299603018085	1.1650405864448512	6.163949418666284e-13	-8.955521366348295e-14	1.1651108477407908	2.788184443124919	-1.0025140272164687e-13	-1.578272259967164e-12	2.788365513072449	1.0	-2.7061926018046916	1.3530789844524418	1.353113617352249	0	1.1086442986611522	12.349087249707614	0.059999999999999984	7.299433407808609	1.1595822986750228	2.7061926018046916	2.0	0.0	0.1	2.2701245741966263	0.0
15.484609748823338	1.6759926779741363e-12	-1.6298074001497298e-13	15.485119241983709	4.562014399101399	6.387847889032915e-13	-2.416854155530112e-13	4.562180107294843	4.565717729532102	7.566508180526317e-13	1.1849269833400657e-13	4.565898646787335	1.6612845606116262	2.80008174931767e-13	-1.643350022189246e-14	1.661359150111768	2.946799840634254	-4.4168271029552463e-14	5.1833927708596944e-14	2.94692003508961	1.0	-2.932868140648385	1.4664203844355657	1.46644775621282	0	1.1342379594300214	11.831731277505146	0.07000000000000002	7.776952912413461	1.254243477349421	2.932868140648385	2.0	0.0	0.1	2.1259504410758425	0.0
14.886074040296702	-1.3632428519372297e-11	7.23199278240827e-13	14.886406843236413	5.185122957760906	-5.544155265885168e-12	2.732838304938879e-13	5.185257041003239	5.189178776312173	-4.477207325222727e-12	3.0551017221607955e-13	5.18932332091458	2.282389282072281	-1.7900348002646458e-12	1.3435410806098485e-13	2.2824626784935607	3.097318188555109	-1.0179754687011702e-13	1.0176335891061006e-13	3.0973968667078733	1.0	-3.1549252319408914	1.5774518060282354	1.5774734259126557	0	1.1601415958957046	11.355368324791465	0.08000000000000002	8.285029159167784	1.331981303311764	3.1549252319408914	2.0	0.0	0.1	1.994700908962646	0.0
14.33278479527696	8.821587904606076e-11	-2.691646905361722e-11	14.332999066401078	5.818255348631653	3.3358717512381725e-11	5.571449435482212e-12	5.818360320449583	5.8224881718902175	3.883263579667509e-11	-1.9700685699385194e-11	5.822600136495405	3.052865240911496	1.4047157925487508e-11	1.436348983038305e-12	3.0529340937950304	3.2360870129895893	1.644178516676955e-12	5.224505174569016e-12	3.236137963213533	1.0	-3.3752624782591782	1.6876226934975196	1.6876397847616593	0	1.1863724677592689	10.917767706657115	0.09	8.825209520923957	1.3946211536167532	3.3752624782591782	2.0	0.0	0.1	1.8752507613188503	0.0
13.833525847030907	-1.1218692641534744e-11	1.2552670014542855e-10	13.833662872002186	6.470917199464194	-9.07675565481133e-12	5.282257871483911e-11	6.47099765607498	6.475188384043243	-8.379735383873287e-12	1.257128112830838e-10	6.475273406631176	4.001081648935825	-5.552244034044482e-12	5.383116361093851e-11	4.00114407305192	3.3612557059752994	2.4910189934767336e-12	-2.237782022804484e-11	3.36128840316829	1.0	-3.596604014748399	1.7982952377031838	1.7983087770452146	0	1.2129432672793181	10.516405160754461	0.1	9.398752525238375	1.4437854949452433	3.596604014748399	2.0	0.0	0.1	1.7665093782759966	0.0
3.714276280550191	-4.3853809472693683e-13	-6.338263247585019e-13	3.725714762594388	0.006902325391664786	1.1169830174006464e-14	-5.1329566406561496e-15	0.006963707637270994	0.006955647432232229	-2.476691932549302e-16	-1.2354455632986512e-14	0.006946629133487958	5.185925762022371e-05	-1.0413796522697303e-17	-7.13565071590456e-17	5.2166544641584526e-05	2.788498625988437	-2.0775465016963154e-12	4.2623384513055383e-13	2.7984098264035837	1.0	-0.6834666810912864	0.34192662122166356	0.34154005986962277	0	1.1743957369501725	28.045653253960435	0.000999999999999994	6.6663006584218465	-0.4975953565173079	0.6834666810912864	2.5	0.0	0.1	3.4390600442094232	0.0
5.820949307833058	2.8312907573990742e-12	-1.6535661728767082e-12	5.829755869082718	0.0317579501320044	-6.1783822061814174e-15	-5.248373095145689e-14	0.031804260046085255	0.03181522355054463	2.0316512409240968e-14	-3.2903949973051697e-14	0.03181352980730043	0.00032195946881951226	-1.2470852857363205e-16	-6.720569391867808e-16	0.0003222978797218174	2.682708688100945	2.2290451300786463e-13	2.2628065409559385e-13	2.690406097844447	1.0	-0.7395356297803288	0.3698367131990651	0.3696989165812637	0	1.1768861014219225	27.898458085065478	0.0019999999999999944	6.929839684417915	-0.4512101510104295	0.7395356297803288	2.5	0.0	0.1	3.414200799486534	0.0
7.377064143054435	-6.910028105266974e-12	1.5851764345597985e-12	7.380750792677684	0.06618610377875471	1.9954067266325575e-13	-4.356354147113102e-14	0.06622715804796542	0.06624708119971165	-5.50972347346814e-14	-9.466062770794635e-14	0.06625048204295798	0.0009157761347879296	2.987218388875667e-15	-2.1718635920737764e-15	0.0009164168422556874	2.589173276757646	-1.7456023468943616e-12	2.2333432076350896e-13	2.5929937996774353	1.0	-0.7958258741753161	0.3979199164594195	0.39790595771589665	0	1.1793831626965345	27.752933047541937	0.0030000000000000096	7.070513497296521	-0.40476882901310807	0.7958258741753161	2.5	0.0	0.1	3.389523837794453	0.0
8.468364240208734	4.4009240696141205e-13	-9.818812429784884e-13	8.470691517930979	0.10542440917923834	5.938734532545218e-15	3.2992969625251212e-15	0.10548038372998632	0.10549891470440075	5.843879744872621e-15	-5.161337685750236e-14	0.10551673036589024	0.001871109278162468	-2.3286069994973687e-17	-2.7575609204574104e-16	0.001872461008754067	2.52421074710817	-2.9776426256109663e-13	8.637477167360765e-13	2.526671772316381	1.0	-0.8522820556589005	0.4261169388972035	0.4261651167616971	0	1.1818924440499146	27.60874662234455	0.003999999999999995	7.170183648284282	-0.3582911229841512	0.8522820556589005	2.5	0.0	0.1	3.365029087213313	0.0
9.28116677752473	-1.0760281554667017e-12	-1.3438139490062895e-12	9.283937599562325	0.14780059694134381	2.3529021809342247e-14	3.855037471587148e-14	0.1478763784788934	0.14789427998915625	-2.5124209728619688e-14	-4.043635209960054e-14	0.14792631497597622	0.0032133350506238405	3.581240606290329e-16	-7.585266561934377e-16	0.0032154915028822953	2.478619728357284	-2.450549781932215e-13	-2.86401192377933e-12	2.4809938751682896	1.0	-0.9088640981654299	0.4543934449790812	0.45447065318634877	0	1.1844102323314263	27.465733707702906	0.004999999999999994	7.2508908725492125	-0.3118005885287424	0.9088640981654299	2.5	0.0	0.1	3.340716447134716	0.0
9.920330344401654	7.186695683003563e-12	1.2566658824653132e-10	9.923839924656924	0.19256570325996747	-6.715060395021788e-13	-1.3770225543849266e-12	0.19265338661717357	0.19267413029372799	5.379998599386411e-13	4.1153261020841964e-12	0.19271578946834422	0.004963851984498077	1.1170872618953033e-13	-1.1091136544602123e-13	0.004966565898806996	2.4458066245397747	1.805263689836633e-10	-1.4751149341768195e-10	2.4483829887896285	1.0	-0.9655350632672602	0.48272228959706	0.48281277367020026	0	1.1869342501413291	27.32377556290874	0.0059999999999999915	7.321049413134083	-0.2653254833528733	0.9655350632672602	2.5	0.0	0.1	3.3165857883409826	0.0
10.443108627804683	1.3765193429549072e-09	3.92703203289102e-09	10.447131286145385	0.2392769303269138	1.1067092506371762e-10	-2.301938624919864e-11	0.23936841285829027	0.23939279998666257	4.837021131231697e-11	1.7583408271695256e-10	0.23944116208497265	0.007141177857481462	4.2882229222368465e-12	-2.825695693110731e-13	0.007144161764863889	2.4218584270184387	8.622492348636995e-10	-1.5100754170643795e-09	2.424545456257407	1.0	-1.022263266401488	0.5110829706772155	0.5111802957242724	0	1.1894631047654647	27.18278886949365	0.007000000000000009	7.384553809042382	-0.21889171502727356	1.022263266401488	2.5	0.0	0.1	3.292636953106783	0.0
10.883211413606148	-1.4233059175694507e-12	-2.786748609651113e-11	10.887473413715247	0.28763885769502023	-2.6124734677821144e-13	-9.558691273694725e-13	0.28772999766122825	0.28775704531872	2.1757875913909475e-13	-1.2299037370262585e-12	0.28781163130814325	0.00976196921447881	1.8855228552510064e-14	-2.0442299036816945e-14	0.009765063704024059	2.4043783021057177	1.6240351838685373e-11	1.8793111247407556e-11	2.4070330895993326	1.0	-1.0790229664077764	0.539460619037831	0.5395623473699455	0	1.191995904963579	27.042721196345074	0.007999999999999998	7.443509856306253	-0.1725210174062528	1.0790229664077764	2.5	0.0	0.1	3.268869755322983	0.0
11.261851530321794	-1.3858035696756588e-07	1.5958213284150702e-07	11.266151095036216	0.33743980074830143	-1.3517532510417887e-08	1.8708793642312084e-09	0.3375292533170182	0.33755839546997823	-4.767162181793988e-09	1.2990564515950066e-09	0.3376196487421926	0.012841589880243948	-5.966671331323987e-10	-7.868067894796923e-11	0.012844750778144837	2.391794257776196	-7.011824410942483e-08	2.191942484908637e-08	2.3943162176323156	1.0	-1.1357928654694094	0.5678438672095683	0.5679489982598411	0	1.194532155003944	26.90354146262246	0.009000000000000001	7.499201623264894	-0.12623210414391872	1.1357928654694094	2.5	0.0	0.1	3.2452839806424563	0.0
11.593016141944528	-4.18332035678759e-12	-8.970602038971265e-13	11.597233231301871	0.38851617153350704	-2.1805568914043167e-13	-1.0061988184103357e-13	0.3886041053657641	0.3886358513989649	-6.838361490189422e-14	5.1619377738995995e-14	0.3887044122332259	0.016394281364221427	-4.4866649442698454e-15	-5.518758310472563e-15	0.016397536830980754	2.383017255643148	8.580592906800608e-14	-2.8355529021527364e-12	2.3853539152434404	1.0	-1.1925544306605835	0.5962232236144759	0.5963312070461076	0	1.197071617434426	26.765231290787348	0.009999999999999997	7.5524769713330935	-0.0800419564871735	1.1925544306605835	2.5	0.0	0.1	3.221879386647624	0.0
13.53738940313691	6.183675793636212e-11	4.886837601247862e-10	13.540323813523386	0.9461120825684872	6.124785197301126e-12	3.2385335042134266e-11	0.9462489368308944	0.94645070854886	5.545809003721595e-12	4.4471763996659896e-11	0.946604376980304	0.08040633753316635	6.298961465051159e-13	3.176734844503422e-12	0.08041624668279054	2.400848697695329	1.173060220691461e-11	2.4184267096424058e-11	2.401736497326585	1.0	-1.7563491096055526	0.8781164674811328	0.87823264212442	0	1.2226294183558402	25.42859287084683	0.019999999999999993	8.02985953760302	0.37312250049765217	1.7563491096055526	2.5	0.0	0.10000000000000002	2.997725422294234	0.0
14.297407270985182	-1.0117240378804127e-11	-1.6199930286120434e-11	14.299981237053897	1.5416153064254932	-1.4634196859147759e-12	-1.3728906794692979e-12	1.5418561184012054	1.542519486075337	-1.080143101508525e-12	-2.4000528334447047e-12	1.5427686489738508	0.2016044917850203	-1.684942884175817e-13	-1.901545825984616e-13	0.20163633700399455	2.50217578016572	-5.187918021964221e-13	1.5315642149894061e-12	2.5028651217637776	1.0	-2.304332550395229	1.1521146622964913	1.152217888098738	0	1.2484318132926662	24.17493603373211	0.02999999999999999	8.486325995982178	0.8013109572230976	2.304332550395229	2.5	0.0	0.1	2.7912242752478287	0.0
14.49170859002323	-7.38076266770804e-12	-1.758593271006248e-13	14.493897910623875	2.135924513781007	-1.3102223035595247e-12	2.7310522221146944e-14	2.136233239232084	2.137658177334614	-1.3826805328275051e-12	6.4862490275224e-14	2.1379879360812537	0.38529426046531257	-2.4113833055983336e-13	2.112543665903043e-14	0.3853596250722567	2.6413464861618667	1.369537958628593e-13	-3.72138071594322e-14	2.642005296607561	1.0	-2.8271307650708852	1.4135222858689758	1.4136084792019097	0	1.274395946574574	23.00304975355596	0.039999999999999994	8.95312569711437	1.1946097906117363	2.8271307650708852	2.5	0.0	0.1	2.601717865394446	0.0
14.370585722166194	3.4068303733647554e-12	-1.0467182676165976e-12	14.372321458097218	2.7127836910834544	5.794453461153966e-13	-2.412145846697832e-13	2.7131183939072137	2.7155060032633083	6.360000165544645e-13	1.8850032839149283e-13	2.715875156406603	0.6367512530985121	1.0756018658550293e-13	5.250925264956549e-14	0.6368512686487764	2.801577631730243	1.8038023818133734e-13	1.3291940607217077e-13	2.802130417987806	1.0	-3.3196783970026718	1.6598038991217265	1.6598744978809452	0	1.3004545427044771	21.911745351397958	0.049999999999999996	9.438754031551667	1.5472861527206114	3.3196783970026718	2.5	0.0	0.1	2.4283509581069276	0.0
14.079530408313985	-6.359401893973882e-11	-1.656252912596301e-11	14.080838827690366	3.2700615780306697	-2.0782038899833128e-11	-1.1261053977209903e-12	3.270389537396197	3.273765224133792	-1.97378996554423e-11	-4.492097324392791e-12	3.2741294019135356	0.963744798916222	-6.463701942821613e-12	-2.4860889239273354e-13	0.9638715870717535	2.9713886191477705	-5.275075549303723e-13	-3.610576835964906e-13	2.9718086584026953	1.0	-3.780775446250558	1.8903590241811328	1.8904164220694246	0	1.326571604000904	20.89932392674372	0.059999999999999984	9.947594226738973	1.8573481886453158	3.780775446250558	2.5	0.0	0.1	2.2701245741966263	0.0
13.709370449698827	2.6698643296185764e-12	5.928590951498336e-14	13.710318945694622	3.813507188062466	8.581190035365342e-13	2.8711893144132574e-13	3.813805861573916	3.818053087022447	1.017371310089885e-12	-2.968845262357106e-14	3.8183817991051066	1.3778099418007965	3.265697588937956e-13	3.833255171339788e-14	1.3779520998528638	3.141749727834929	-1.9210727263387785e-14	-3.601821112507887e-13	3.1420510873930265	1.0	-4.212180838402993	2.1060671676474874	2.1061136707555055	0	1.3527445362895982	19.96330524076942	0.07000000000000002	10.482626626896128	2.1256524382306656	4.212180838402993	2.5	0.0	0.1	2.1259504410758425	0.0
13.315116290655478	-3.01469960106715e-12	4.094724559422502e-12	13.31578327710732	4.352050044699034	-1.6874580800231555e-12	2.8040813401796483e-13	4.352307767491532	4.357235768465106	-1.3548143299321737e-12	1.602578682568333e-12	4.357515273494467	1.8945372662706486	-5.788946008073152e-13	4.216179798133917e-14	1.8946843057826541	3.3058604905619653	9.200592867927937e-13	-8.746182955461393e-15	3.3060695142866496	1.0	-4.617595705014116	2.308779044282566	2.30881666073155	0	1.378993376048052	19.100403937766043	0.08000000000000002	11.04608152140838	2.354915807253394	4.617595705014116	2.5	0.0	0.1	1.994700908962646	0.0
12.927738752592814	8.696043884981464e-12	3.560485239972877e-13	12.92819741912273	4.894861142180716	4.7643216205296164e-12	6.702482207201892e-13	4.895074989491685	4.9004767626029775	4.325361135457427e-12	9.927766850279722e-13	4.900705213688993	2.533327782041845	2.2467785607101716e-12	5.667430774860453e-13	2.5334718236031546	3.4591048657882464	-4.798491261016419e-13	-7.404395950966514e-13	3.4592468277234527	1.0	-5.001760417004715	2.5008649999815487	2.5008954170231656	0	1.4053490531587665	18.30666502352088	0.09	11.639706908108563	2.548837742116178	5.001760417004715	2.5	0.0	0.1	1.8752507613188503	0.0
12.562904533413755	-2.8637092697181288e-12	-1.6303625116620424e-12	12.563215099497299	5.4499471852584875	-1.6289050432507292e-12	-2.867772865326444e-13	5.450119628761542	5.455808524694657	-8.850312840133023e-13	-9.9427752953497e-13	5.45599032229958	3.3169945952022912	-5.037096173831249e-13	-2.9898641736710237e-13	3.317130346594035	3.5988054192710788	-9.161201859827375e-14	-3.330457511918837e-13	3.5989005134183714	1.0	-5.369767083333745	2.684871236429935	2.684895846903811	0	1.4318450394022306	17.5776700926798	0.1	12.26491458409814	2.7114305855216996	5.369767083333745	2.5	0.0	0.1	1.7665093782759966	0.0
3.171393913003936	-5.3375082131879026e-12	1.8618440122963875e-13	3.1714123398152902	0.0037154687568860486	4.0902239394410954e-13	-4.762027887189866e-13	0.003813595957911956	0.003799110226537519	-3.737988913677516e-15	2.1172941724797748e-14	0.003738858574809209	4.401221442169443e-05	-1.1631184003519663e-16	6.504222630971999e-16	4.4789783784690404e-05	2.8506766862945105	-3.998502398029967e-11	4.426934325677872e-11	2.8530697459631056	1.0	0.9282393811494737	-0.46392103121337597	-0.46431834993609783	0	1.38952670047691	44.94959535319831	0.000999999999999994	9.3037787900996	-2.3270698604164832	-0.9282393811494737	3.0	0.0	0.1	3.4390600442094232	0.0
4.4919364253733844	8.599121414931687e-12	7.813749647311852e-13	4.501002983639676	0.020455832108145642	2.6840193015695494e-13	-4.693619408632769e-13	0.02057051707012385	0.020533738054631774	-5.396329090083193e-14	-3.8777172939674527e-13	0.02058547746810019	0.00024814058997762285	1.413998275769956e-14	1.1795224313539478e-15	0.00024941143620851544	2.799207725743601	8.710314081835224e-11	7.96534001261553e-11	2.8031902365923242	1.0	0.8404021873043778	-0.4201694295208776	-0.4202327577835	0	1.3916093928285431	44.6974600317032	0.0019999999999999944	9.602823737906563	-2.251217227608734	-0.8404021873043778	3.0	0.0	0.1	3.414200799486534	0.0
5.781620940653422	2.8532731732866523e-13	-1.0580425424677742e-12	5.7869584146037125	0.04673616637924381	-1.8014998352723354e-14	3.465430592214783e-14	0.046868945422167727	0.046880588104916986	5.267339859267862e-15	-1.439971572875637e-14	0.04693299889736251	0.0007168500309326768	2.397747069113707e-16	3.98617900658702e-16	0.0007190787786328395	2.7251671901004437	2.1380267696140122e-12	-6.866607627372936e-13	2.7279053189173705	1.0	0.7517295906838939	-0.3759120327805695	-0.3758175579033244	0	1.3937905341711088	44.4482511200008	0.0030000000000000096	9.770156292724725	-2.174830593733177	-0.7517295906838939	3.0	0.0	0.1	3.389523837794453	0.0
6.745580215516471	5.1514348342607263e-14	-1.965094753586527e-13	6.745395651381173	0.0778301651341365	8.71014398106632e-15	7.588383013807778e-15	0.07790105109995109	0.07798554853414993	-1.1720752459370493e-14	-5.2046409583833786e-15	0.07797483902161528	0.0014873742276545335	-2.2060487363659282e-16	1.4216758523247092e-16	0.0014894511503582629	2.6648129091873773	-3.95485002862175e-13	6.769366043400932e-14	2.66716729345736	1.0	0.6623209970140502	-0.3312462845222758	-0.33107471249177445	0	1.3960702792357904	44.20143736461563	0.003999999999999995	9.889273317915714	-2.0979483695215033	-0.6623209970140502	3.0	0.0	0.1	3.365029087213313	0.0
7.475542773501539	-3.640199253140963e-12	4.4719783431901305e-13	7.4737834078506555	0.11185545845874567	-1.4396570971478904e-13	-1.1432180088154993e-13	0.1118858973459159	0.11199099453232389	-9.063907606956896e-14	-1.6616540825806674e-16	0.11195836621735887	0.0025806567812377574	-2.7742179835533773e-15	-1.5071054218138474e-15	0.0025827275648727956	2.6214280660603775	1.3167027756608299e-12	2.5822367339267597e-12	2.6236542498305253	1.0	0.5722308986926119	-0.28621996836473845	-0.2860109303278734	0	1.398413261203064	43.956809034406376	0.004999999999999994	9.985345842461799	-2.0205708891079848	-0.5722308986926119	3.0	0.0	0.1	3.340716447134716	0.0
8.054516689531681	-1.1723511050831803e-10	1.0283904616770201e-08	8.052986759930926	0.14807120507921054	3.1790153716157186e-11	1.6208502134641848e-10	0.14808221466418325	0.14818213984389864	1.955715312093749e-12	2.683168918345737e-10	0.14815343750069973	0.00401549298129401	-9.27798615643877e-13	5.4647370885745726e-12	0.004017718210145671	2.5903039216061297	-2.6232030968543342e-09	1.8458642677293684e-09	2.592452200833553	1.0	0.4815044121619954	-0.24086468733381758	-0.24063972482817778	0	1.4007956142790092	43.714248564674534	0.0059999999999999915	10.068634632066237	-1.942711834233402	-0.4815044121619954	3.0	0.0	0.1	3.3165857883409826	0.0
8.532045872081513	2.34985808589272e-10	2.317423142272901e-09	8.53133081615309	0.18609073017626546	1.151886451722471e-11	6.607192633408534e-11	0.1860991355152502	0.18618594239592542	2.451155834200721e-12	1.1468589606602394e-10	0.18617307337589523	0.005808955896175776	6.064955285241248e-13	3.319117823541462e-12	0.005811460698836651	2.5675526674036435	4.098733289497308e-10	-6.61711468849151e-11	2.569551186737894	1.0	0.39018445318930867	-0.19520690578847738	-0.19497754740083123	0	1.403202256814485	43.47367088330877	0.007000000000000009	10.144025579149485	-1.8643948890578401	-0.39018445318930867	3.0	0.0	0.1	3.292636953106783	0.0
8.937479030797281	-1.0181189225022536e-11	-5.083249376980348e-10	8.937657809451675	0.22566195567187744	1.1400872252536402e-12	-2.02862708321943e-11	0.2256815483548406	0.22575566865934238	-1.3854651202921066e-12	-2.7803169066614138e-11	0.2257634750095168	0.0079764898221215	1.3919984820622872e-14	-9.452160620079419e-13	0.007979436574807644	2.550651387340209	7.900267090488514e-12	9.555711692818106e-11	2.5524136729199727	1.0	0.2983121437491616	-0.14927011481800598	-0.14904202893115573	0	1.4056235910755621	43.235010124363015	0.007999999999999998	10.214127133943343	-1.7856487518962705	-0.2983121437491616	3.0	0.0	0.1	3.268869755322983	0.0
9.289124243251267	2.095066342633345e-10	-1.1674190503185855e-09	9.290101923148503	0.26659903858650635	-2.9078661086924876e-11	-3.092259897908584e-11	0.2666401487342037	0.266706127222083	1.8251050942085592e-12	-1.1575541630059964e-10	0.2667353792396921	0.010532210860482021	2.082695686841016e-13	-4.228680254736199e-12	0.010535800231930908	2.5380633269410877	1.0329623920857006e-09	-1.6487360618238676e-10	2.5395599968129225	1.0	0.2059266611982135	-0.10307546128140366	-0.10285119991681001	0	1.4080541309466208	42.998215017249514	0.009000000000000001	10.280469885919516	-1.7065050211181099	-0.2059266611982135	3.0	0.0	0.1	3.2452839806424563	0.0
9.599127095187438	1.4637180356658064e-12	-1.1182166304024577e-12	9.600776819539476	0.3087586161525156	9.042005820235348e-14	-7.195010728906787e-14	0.308827886225221	0.30889209360024783	5.407457177364452e-14	-3.330449171210924e-14	0.30894136085861834	0.013489275166832763	-3.021413222303295e-16	-2.6791646449096473e-15	0.013493710766700634	2.528836499072396	-2.0025296336418197e-12	-1.1250656277382215e-13	2.530097071685426	1.0	0.11306537616209196	-0.056642340895377764	-0.056423035266714265	0	1.4104913088195508	42.7632456275671	0.009999999999999997	10.344030054310455	-1.6269969855247473	-0.11306537616209196	3.0	0.0	0.1	3.221879386647624	0.0
11.504445483129462	-2.8703261989448947e-11	-6.816769371198461e-13	11.508286627045205	0.7776703732277664	1.2654294493843414e-12	-3.5149665822456417e-12	0.7779393061613832	0.7782504644897449	-2.181651035322038e-12	-3.2404037976808202e-12	0.778409090796749	0.06748961626693645	6.413240946372574e-14	-5.728490648833179e-13	0.0675051371361945	2.536809235345306	-9.634978298192269e-12	1.0680034248643321e-12	2.5377837335779603	1.0	-0.8340967085963226	0.41696496883730366	0.41713173975901896	0	1.4353007974841037	40.50855956113265	0.019999999999999993	10.912922660981081	-0.8194625421074027	0.8340967085963226	3.0	0.0	0.10000000000000002	2.997725422294234	0.0
12.371604327499668	8.034461984607333e-12	2.2160051571518125e-13	12.374673809719923	1.290602810832612	1.1086223495818831e-12	3.310911465958523e-13	1.2908584952196747	1.2916636506293415	9.066026554972684e-13	3.25363476592272e-14	1.2919076620697443	0.17117449446928762	1.2704047540956884e-13	4.5515118166927966e-14	0.1712061173838009	2.6328594092160564	6.121130292671267e-14	6.746300488957296e-14	2.633958897742666	1.0	-1.7925866360700522	0.8962258440228059	0.8963607920472461	0	1.4611674760981912	38.41528293297236	0.02999999999999999	11.448475958879001	-0.012035118794508914	1.7925866360700522	3.0	0.0	0.1	2.7912242752478287	0.0
12.734643622673609	-2.62456723021387e-13	1.0524026095026784e-11	12.737127836818779	1.8118006980819752	5.376759062288305e-14	1.1009554270399863e-12	1.812083318595553	1.8136140321909469	1.5562730396956705e-13	1.6903933074160843e-12	1.8139685067146134	0.3298328570591791	4.018425451446005e-15	1.8394547525700796e-13	0.3299025885036535	2.7723033062106524	-1.2916006312596837e-12	7.409849998367857e-13	2.773392522147754	1.0	-2.7346051819030333	1.3672464017705948	1.3673587801324385	0	1.4878719804589469	36.47185746175986	0.039999999999999994	11.987695039768415	0.76722539985335	2.7346051819030333	3.0	0.0	0.1	2.601717865394446	0.0
12.80375313329344	-5.3790305543088834e-12	8.680167695729324e-12	12.805909817648573	2.32474371695272	-1.1081423622490914e-12	3.9464827423608205e-13	2.325109416447596	2.327573345621491	6.060539299436404e-13	1.9372603480312217e-12	2.328030690191161	0.5483924910710237	1.754701451036036e-13	8.967428123695965e-14	0.5485205360664922	2.936711554346312	-8.797649994561509e-14	4.066934835351405e-13	2.9376811486561234	1.0	-3.639087704503484	1.8194967229355603	1.8195909815679232	0	1.5150326948671409	34.66950601140566	0.049999999999999996	12.54173525751473	1.4969682467606065	3.639087704503484	3.0	0.0	0.1	2.4283509581069276	0.0
12.698405692051796	4.604983061540224e-12	2.12851958281135e-12	12.700243400467226	2.8243042290552043	9.120935319854282e-13	-2.09903776905172e-13	2.824740296388461	2.828244885780503	9.712206676514003e-13	3.0546574803115195e-13	2.828758389285322	0.8333873829818799	1.9968421348251707e-13	-4.2181647426774024e-14	0.8335759043268981	3.113638565948923	5.148202210032973e-13	1.32063691811675e-12	3.1144243173047883	1.0	-4.492533115470416	2.24622701825094	2.2463060972194757	0	1.5423615668611785	33.00082570878313	0.059999999999999984	13.115897554500222	2.1632176953392244	4.492533115470416	3.0	0.0	0.1	2.2701245741966263	0.0
12.495310418266794	-7.460920770085977e-12	3.163025397157071e-12	12.496788030255352	3.312368864809714	-2.801524590051175e-12	6.328314316489606e-13	3.312825816658733	3.3173524359170936	-4.00914222011937e-12	6.948455697149072e-13	3.3178650001821417	1.19413547048918	-1.6225563630893474e-12	7.467171248059759e-13	1.1943701433696898	3.2934273874988804	-1.060419838947854e-12	5.2314894848679275e-12	3.294022129073861	1.0	-5.288597514416195	2.6442656869572247	2.6443318274589704	0	1.569688156071359	31.45894636367483	0.07000000000000002	13.71356500079084	2.758959808289477	5.288597514416195	3.0	0.0	0.1	2.1259504410758425	0.0
12.244429176554119	-2.5006663406657026e-12	-1.3988810110276972e-14	12.245551860649009	3.7945166152131096	-1.1338774327538664e-12	7.158811869271663e-13	3.794948178514239	3.8003760071305654	-4.874582051864501e-13	1.0608533216320781e-13	3.8008445653121687	1.6432291085339419	-2.3913078007946836e-13	2.794230608769891e-13	1.6434888932297025	3.4686657554813483	-2.980165391871835e-14	-4.2239228205819704e-13	3.4690957377227285	1.0	-6.026800167281842	3.0133725338208723	3.0134276334609704	0	1.596935275856569	30.03698360570555	0.08000000000000002	14.33726203493788	3.282883928630243	6.026800167281842	3.0	0.0	0.1	1.994700908962646	0.0
11.977042189259267	-8.847367283237872e-13	5.267009051124205e-12	11.977858902858117	4.277563786007112	2.5635321930204214e-14	1.835737706904947e-12	4.277942497062864	4.284093392544165	-9.54368105115224e-13	9.080483938100425e-13	4.284495825710769	2.1965242212232576	-2.965170104448959e-13	3.9395767144488157e-13	2.1967894456015027	3.6340962864757795	-2.0239041004272725e-13	1.4145953880362144e-12	3.6343980363671413	1.0	-6.710865023344101	3.355409641350944	3.3554553819931563	0	1.6240876993650641	28.72779011371311	0.09	14.988989863872426	3.7377682362305187	6.710865023344101	3.0	0.0	0.1	1.8752507613188503	0.0
11.711531548615085	-4.993783164763954e-13	3.809175197488912e-13	11.712108098559815	4.7680834136485055	3.02388831124954e-12	-4.539540522957025e-13	4.7683995789779905	4.775080848100832	-1.0608182816972397e-12	4.064249436083669e-13	4.775411965373889	2.8728948296571786	1.2579932448827455e-12	1.0786191833315823e-12	2.8731508828220735	3.7864298165140484	-2.945076924378048e-13	3.4363078918639144e-12	3.7866376538022974	1.0	-7.347113227219371	3.673537675424653	3.673575551794718	0	1.6511660113264082	27.523936646649027	0.1	15.67037576384836	4.128909639508127	7.347113227219371	3.0	0.0	0.1	1.7665093782759966	0.0
