SigmaE11	SigmaE12	SigmaE21	SigmaE22	SigmaAlpha11	SigmaAlpha12	SigmaAlpha21	SigmaAlpha22	SigmaAlphaBar11	SigmaAlphaBar12	SigmaAlphaBar21	SigmaAlphaBar22	SigmaKappa11	SigmaKappa12	SigmaKappa21	SigmaKappa22	SigmaQ011	SigmaQ012	SigmaQ021	SigmaQ022	rhoH	S	Ttt	Txx	Tyy	rho	T	Ax	Ay	Gx	Gy	mu	Q
5260630886075.022	1907515006017223.0	-831020730374705.5	-392988400935376.3	-54330366722690.17	251018913313753.62	-28456181340169.92	-51715200686040.266	692271276609.3788	251018913313731.47	-109357944772025.53	-51715200685980.555	-7149589686920.125	33032764954638.19	-3744683367908.118	-6805447630588.224	7.68359375	-0.25	4.5	2.9375	0.6141646699242883	1.6164166211407465	-0.2316618329286679	0.11583091677678341	0.11583091677300855	0.614164669924257	0.04999999999999999	0.0	0.0	0.1	0.1	14.001275544296817	7.599088773175333
185363.3950515762	-366603.69290889247	-708160.948585369	1.5776095812444356e+16	24392.825681253547	-48296.9287293029	-86430.17468818916	2076001200497988.8	24392.82568133761	-48248.95804346426	-93188.01032188669	2076001200498154.8	3210.0154274548804	-6356.440946177255	-11373.482295309728	273184255198921.38	2.9324104862462264	-2.4376440481864847	3.4924596548080444e-10	-6.0	0.6141849978163225	1.6164313502569785	-0.23168559259811883	0.11584277654316844	0.11584281922538914	0.6141849974493111	0.04999999999999999	0.01	0.0	0.1	0.1	14.001275544296817	7.599088773175333
46334.08657071914	-50216.28908358203	-15786.335975189033	461594155567190.75	6097.301995457033	-6607.778835921417	-10266.127763149121	60737528997240.66	6097.301995270515	-6608.28349780361	-2077.199261491879	60737528997234.92	802.4210117988788	-869.5556093692908	-1350.83866462175	7991971701109.07	2.932381071681448	0.24451632218551822	3.9835867937654257e-10	3.1875	0.6142459812787106	1.6164755402289783	-0.231756870075007	0.11587835554671222	0.11587852665395311	0.6142459798108785	0.04999999999999999	0.02	0.0	0.1	0.1	14.001275544296817	7.599088773175333
7405.879005453219	-6485.963403564098	-13325.73571128861	153324651254650.22	974.5550636299513	-852.6639019672211	-1282.8255271412468	20164628274869.81	974.5550636307449	-853.4978561458317	-1752.5460185852437	20164628274870.95	128.29452836175673	-112.20029130643653	-168.71194347839153	2651969074355.736	2.932175409973752	0.18833359325708443	-6.730260793119669e-11	3.3125	0.6146728564934346	1.6167849801604959	-0.23225581393513772	0.11612741025681649	0.11612848082321874	0.6146728473080207	0.04999999999999999	0.05	0.0	0.1	0.1	14.001275544296817	7.599088773175333
1844.7023236873833	-2545.6008821452424	-2166.2052649560496	-184079150460308.22	242.73301121203568	-334.8679828361081	-238.24306672856036	-24165972370513.707	242.73301121203573	-334.93167275272185	-284.3801508802521	-24165972370523.625	31.990577868922678	-44.07967074507429	-31.2766293935753	-3172516926291.3745	2.9314443529603977	-1.1573288077920552	7.275957614183426e-12	2.25	0.6161972813181197	1.6178916990750016	-0.2340378037832096	0.1170169047812862	0.11702120804849055	0.6161972443978416	0.04999999999999999	0.1	0.0	0.1	0.1	14.001275544296817	7.599088773175333
454.39309457844524	-828.6093715400555	-34.71527771817806	-237441736912329.78	59.77346649769363	-106.7500332871318	-62.85734546433577	-30951021933235.67	59.773466497833375	-109.18577592841403	-4.525208314435352	-30951021933113.023	7.913949244821944	-14.05848063547982	-8.193585101856844	-4034529780505.8037	2.9285745732117334	0.4141771162670693	7.183587058534613e-12	5.15625	0.6222929174701796	1.6223433999349137	-0.241166502640573	0.12057509190553148	0.12059264257578912	0.622292766920358	0.04999999999999999	0.2	0.0	0.1	0.1	14.001275544296817	7.599088773175333
196.90922461789836	-182.30570215150934	-251.89903072476534	258249308016671.34	25.886141448605585	-24.599545015754103	-29.24899448501479	33276299214866.145	25.886141449002942	-24.196358398671205	-32.45804444719749	33276299213799.055	3.454347027152305	-3.258819645225608	-3.7688321400004043	4287764013409.6313	2.923989828122899	0.4273959579304005	-1.5631940186722204e-12	7.09375	0.6324446475108841	1.6298527564982952	-0.2530503485021799	0.12650615521297656	0.12654695207164102	0.6324442979833187	0.04999999999999999	0.3	0.0	0.1	0.1	14.001275544296817	7.599088773175333
106.7774736815971	-233.47147634080434	-76.4855197869663	-22518709127979.58	14.019591522811757	-29.373584940470593	-8.77116788667197	-2856560496342.426	14.019591523196132	-30.908916801210076	-9.702399595686382	-2856560495989.48	1.89245090812788	-3.884494412545588	-1.1126468904751474	-362362594670.83875	2.918004657739118	0.21004403479506095	5.6985527407960035e-12	9.08984375	0.646639675659022	1.6405606041885066	-0.26969357337711475	0.13481125080605627	0.13488719263583063	0.6466390273021696	0.04999999999999999	0.4	0.0	0.1	0.1	14.001275544296817	7.599088773175333
65.06379165776889	-90.7740060509719	-93.73470441513463	3065134387204807.5	8.522349425020378	-20.867780848103813	-37.26640718115167	381421033013518.3	8.522349424541309	-14.152109297529638	-11.664215416908089	381421032873671.0	1.1685806823364437	-3.054103293787696	-4.637379547814254	47463499472996.31	2.911095814083666	1.1411412817249413	-8.384404281969182e-13	-10.0	0.6648569954716045	1.654677478316536	-0.29110258587984955	0.1454920814364254	0.14561804578067836	0.6648559279073673	0.04999999999999999	0.5	0.0	0.1	0.1	14.001275544296817	7.599088773175333
42.437688340784604	30.227485225821724	-73.85753607890838	1911797916170667.5	5.534194974201945	-0.41182069463284626	0.9105147813610143	232692065754051.38	5.534194970439232	3.9114469123665554	-8.989476596860412	232692065532508.0	0.7747131866873062	-0.020205632603899338	0.11082215509323427	28321820499621.906	2.903942797325165	4.483529351970674	-1.1652900866465643e-12	16.75	0.6870629455516244	1.6724999499056084	-0.3172866541346445	0.15855106382922365	0.15874633064627655	0.6870613116228699	0.04999999999999999	0.6	0.0	0.1	0.1	14.001275544296817	7.599088773175333
28.870724697719464	51.62653771122331	-158.03948317971674	-529769051988470.25	3.734889323767931	6.607929869268432	-16.365768803837206	-62931556977461.8	3.7348893112407064	7.346230307539745	-18.773597060081237	-62931556828891.586	0.5370680490842152	0.9305975999395141	-1.9440986702816494	-7475674238411.023	2.897483061405733	-0.5915505497636318	7.673861546209082e-13	17.1875	0.7132030242022982	1.6944355839457323	-0.3482591985639464	0.1739917664134047	0.17428185815446368	0.7132006433563307	0.04999999999999999	0.7	0.0	0.1	0.1	14.001275544296817	7.599088773175333
20.19780633944447	-1320.2119856243964	869.8863253232025	1.1205005352897076e+16	2.575824230558634	-196.82909683607474	133.46056234324405	1297400851667699.0	2.5758241993343574	-185.42908623658087	100.72206279012754	1297400844068781.5	0.38341140072953095	-26.442587894307067	15.453080188779223	150222950104528.44	2.8929730098135025	91.25596598949619	-1.3642420526593924e-12	20.0	0.7431872708682052	1.721037629448849	-0.384040314812981	0.19182003541160364	0.19223883302349196	0.7431839217219731	0.04999999999999999	0.8	0.0	0.1	0.1	14.001275544296817	7.599088773175333
14.449950805153966	21.783390425900954	-24.74725187525378	596768314849502.9	1.7976484879873977	3.081264595242552	-4.929182460818855	67332198642805.67	1.7976484227320821	2.8559997809321667	-2.79218385621715	67332197652658.0	0.27959490644650004	0.4155064391604287	-0.5561499822616587	7596959816053.489	2.8920150396981725	-0.23327089597533046	2.0250467969162855e-13	27.375	0.7768657541884285	1.7530447649114207	-0.4246616870917297	0.21204668699961196	0.21263807090461487	0.7768611658854638	0.04999999999999999	0.9	0.0	0.1	0.1	14.001275544296817	7.599088773175333
10.598940661678471	25.401601076635707	-14.693551206597423	-235718237740426.0	1.2653815287617804	1.1978126337110089	-3.175221310599123	-25937975400920.055	1.2653814034404334	3.345657569701463	-1.6168496741712015	-25937974457508.625	0.2078793924450455	0.18572723062614835	-0.3493951509257027	-2854164149018.086	2.8964443443705044	4.434015662652769	-7.123190925995004e-13	37.0	0.8139924778604635	1.7914028461895117	-0.47017562470124996	0.23469321482247166	0.2355103316358608	0.8139863252364502	0.04999999999999999	1.0	0.0	0.1	0.1	14.001275544296817	7.599088773175333
8.049827057997788	11.81618626470551	-5.648424529535764	-745516214443498.9	0.9019233752574561	0.07939010390517234	-1.1008034856718552	-80173538230975.42	0.9019231418760012	1.2320865268717291	-0.6074370119502932	-80173531450069.81	0.1582030234086886	0.03260005373530743	-0.11838146665224558	-8621939488763.766	2.907917966651455	5.781988697706518	1.4210854715202004e-13	46.75	0.854185947546089	1.837199583403092	-0.5206693490082528	0.25980154728585675	0.2609008494287678	0.8541778535812026	0.04999999999999999	1.1	0.0	0.1	0.1	14.001275544296817	7.599088773175333
6.411035397546941	55.094734843725014	0.8266174967196652	689191722895954.1	0.6577729296148488	2.964375165849804	0.5218328456764512	72666809119010.06	0.6577725323581869	10.009183492989346	0.08715665487330364	72666796157039.17	0.12419430391075419	0.7630019333787721	0.05502085960272737	7661821856254.829	2.927260763725262	12.29486575479551	-2.2293278334473143e-13	73.5	0.8969195187040568	1.8913827798475689	-0.5762810663644972	0.28744506846671325	0.2888743909430238	0.8969090311690344	0.04999999999999999	1.2	0.0	0.1	0.1	14.001275544296817	7.599088773175333
5.391097969397316	-178.21090174625644	-50.48211620734488	-2182244708448847.5	0.49672409150772545	-5.073690319348941	-12.266509178083343	-226461988559011.9	0.49672350198221177	-24.36906777507413	-5.2387692769022145	-226461911508404.6	0.10124675751122585	-1.1207928455372	-1.2729539933121374	-23501037539241.996	2.9541356772933813	-62.741839654513896	-4.213518423057394e-12	-11.75	0.9415935239528416	1.9542727584374713	-0.6372068522188981	0.317731732437873	0.3195190248436435	0.9415800952781866	0.04999999999999999	1.3	0.0	0.1	0.1	14.001275544296817	7.599088773175333
4.767177577339885	-15066.790874539862	1175.7366029154966	-2.15587503466481e+17	0.3906857737300112	-1682.2016376164447	293.04776386090464	-2.2104185250362044e+16	0.39068496246519246	-2409.5212954461063	120.548192985601	-2.210417189421235e+16	0.085765086599669	-242.08586494761548	30.046167061826303	-2266340592563525.0	2.98749002735232	1560.544137051953	-1.3642420526593924e-12	128.0	0.9876750555485896	2.025325109520269	-0.7036903534777204	0.3507935695051715	0.3529463216378331	0.9876580515080929	0.04999999999999999	1.4	0.0	0.1	0.1	14.001275544296817	7.599088773175333
4.383668848945368	-5.986542568165792	3.0866865016333103	233777896439553.84	0.3192349108180825	-0.8442789720907081	-0.08370788863814436	23760813774934.586	0.3192338149299946	-0.6636400266373453	0.3137255873164462	23760789384765.46	0.07507538531097209	-0.1158471884202253	-0.008507928003742836	2415008862324.843	3.026225553554179	0.29543745384920506	2.2466473126314668e-12	135.46875	1.0347860230588384	2.103477970044668	-0.7760049060430017	0.3867730014778898	0.3892871446442576	1.0347647121439176	0.04999999999999999	1.5	0.0	0.1	0.1	14.001275544296817	7.599088773175333
4.144228546745023	-12.673417167437321	-11.937918667583878	-609627842049798.9	0.26914525692715086	1.449116798756677	-2.392764648968384	-61590181822216.32	0.2691438065423616	0.07033021521315994	-1.206075743411753	-61590078913939.79	0.06739736291709492	0.19760702130824792	-0.2417385712846434	-6222393232563.615	3.0694271624341334	-19.486781198153015	5.151434834260726e-13	188.75	1.0826855077562474	2.1876522449329716	-0.8544420767674296	0.42581741074635754	0.4286856234653069	1.0826590480753948	0.04999999999999999	1.6	0.0	0.1	0.1	14.001275544296817	7.599088773175333
3.993314356618176	100.93098315318353	4.6403856098709815	1176255813640717.2	0.2325033582923433	1.6315352206936802	0.7017214080658825	118381659815243.9	0.23250149387745425	17.964574425620523	0.4670201172288404	118381353224012.56	0.0616397244871172	1.2034093117340265	0.07062301321679267	11914228965602.225	3.116325067904047	62.044211799115516	1.1759482276829658e-12	249.0	1.1312153510532297	2.276967348300349	-0.9393068048081692	0.4680791049068328	0.47129432217541045	1.131182779662302	0.04999999999999999	1.7	0.0	0.1	0.1	14.001275544296817	7.599088773175333
3.8991825942528098	-8.998334239264103	-3.154101719548934	-202879399269993.94	0.20466379568273144	-1.6073325569579446	-1.023505139530509	-20375777462630.41	0.20466146429475884	-0.49682613151777494	-0.31677453962588653	-20375699333034.08	0.05715053575135812	-0.17359206314189077	-0.10279325088661524	-2046391682687.1243	3.166262218934068	2.5873873606367805	-7.189804307472514e-13	338.84375	1.1802628035499427	2.3707365169284915	-1.0309144347695325	0.5137152823418939	0.5172713115596904	1.1802230260064968	0.04999999999999999	1.8	0.0	0.1	0.1	14.001275544296817	7.599088773175333
3.8431297225958727	-1.6728481801926403	-4.01202590772631	-186030779751486.03	0.1828369421811032	-0.9975419253106488	-0.6066164355710636	-18670700518680.28	0.18283409416953997	0.09852727120033085	-0.4026587669150387	-18670598372451.11	0.05353399670915595	-0.08143727084721436	-0.06088181670689713	-1873846635387.3435	3.218688642920437	5.159777365857473	2.453148795211746e-12	420.5625	1.2297424543810038	2.468411678751486	-1.1295881788918547	0.5628871568563567	0.5667785024467663	1.22969423387241	0.04999999999999999	1.9	0.0	0.1	0.1	14.001275544296817	7.599088773175333
3.8136368767020676	-10.490646272193537	2.646723367628375	51801356480079.875	0.16527917831396877	-1.854771543488702	-0.17843266532783414	5201157815395.8	0.16527576894517432	-1.6298429515773596	0.26574442345212607	5201118401788.566	0.05054118774757049	-0.21997170860977003	-0.017915542800018454	522222572201.59454	3.273154064488276	6.147581894494881	3.076960908288129e-11	569.7421875	1.2795874704666914	2.5695411825410233	-1.2356571058845394	0.6157589587734211	0.6199806315611702	1.279529416471317	0.04999999999999999	2.0	0.0	0.1	0.1	14.001275544296817	7.599088773175333
