SigmaEL	SigmaET	SigmaAlphaL	SigmaAlphaT	SigmaAlphaBarL	SigmaAlphaBarT	SigmaKappaL	SigmaKappaT	basis_angle	rhoH	S	Ttt	Txx	Tyy	rho	SigmaQ0	EInternal	T	Ax	Ay	Gx	Gy	mu
3849.7956481662245	3.2690511218025217e-07	322.7312271646682	2.741233496535921e-08	322.73122716419135	2.7906689559317186e-08	27.061910665603655	2.3400244975414233e-09	0	0.3364543706888793	1.4088820028261708	-0.24722792644805924	0.12361436751943591	0.12361436754045506	0.33645441781375446	1.0117882947602084	0.24722792644805924	0.019999999999999993	0.1	0.1	0.1	0.1	2.997725422294234
944.720442854673	1.149890552532281e-08	79.13776030248384	9.669517616993684e-10	79.13776030280866	9.882647084874921e-10	6.6366023378689905	8.306610041462755e-11	0	0.345051876793679	1.4403899158062812	-0.26580359358767575	0.13290343996947748	0.13290344000178037	0.3450520164272222	1.0470408816281633	0.26580359358767575	0.019999999999999993	0.2	0.2	0.1	0.1	2.997725422294234
415.6264741117807	1.2812299588898177e-09	34.72702416808678	1.098774902731298e-10	34.72702416965203	8.955778761951234e-11	2.909291715363406	7.757563016349113e-12	0	0.3593499317717547	1.492936221791709	-0.2967621306955957	0.14838485933284215	0.14838485935115195	0.3593500060062098	1.1042035341119458	0.2967621306955957	0.019999999999999993	0.3	0.3	0.1	0.1	2.997725422294234
239.19059828382203	7.803505857955989e-10	19.873731891278293	6.433275303801667e-11	19.87373189573259	4.4657391059952006e-11	1.659432311411449	3.692867313195636e-12	0	0.37925938654907826	1.566498903635765	-0.340104366827332	0.17005916912594515	0.17005916826503442	0.379259089464293	1.1783475527312248	0.340104366827332	0.019999999999999993	0.4	0.4	0.1	0.1	2.997725422294234
163.41066357304766	2.645908267244702e-10	13.461870877130453	2.609837006617501e-11	13.461870889557304	2.6158327436230805e-11	1.117619200554587	2.4206429134652767e-12	0	0.4045336025221926	1.6604851758869357	-0.3958474025664319	0.19793510933656958	0.19793508497826734	0.4045284856287939	1.2606507691378965	0.3958474025664319	0.019999999999999993	0.5	0.5	0.1	0.1	2.997725422294234
81.15351630099147	2.2705471719521562e-10	6.479127697733475	2.270221802236562e-11	6.479127728543395	1.3694348299416821e-11	0.5276261047105041	1.6654800177946507e-12	0	0.5065567025555731	2.067955783597561	-0.6404565421578151	0.32026274582996356	0.3202626685543687	0.50653792731591	1.5913120272066976	0.6404565421578151	0.019999999999999993	0.8	0.8	0.1	0.1	2.997725422294234
61.54770565708303	9.037611833118268e-11	4.833378863883565	1.2847290892896772e-11	4.833378891467266	5.0861341689818336e-12	0.3907008328704549	8.096822890442847e-14	0	0.5861185557377507	2.4601521766779144	-0.8775946895992743	0.4388586532276126	0.4388585969949923	0.5861114033332686	1.7537420672872557	0.8775946895992743	0.019999999999999993	1.0	1.0	0.1	0.1	2.997725422294234
49.99041587670309	2.0704841057014489e-10	3.872937627658243	7.504295150238215e-12	3.8729376929515653	4.957366386397914e-11	0.3118668784336549	4.341102237732344e-12	0	0.6697692167199664	2.9425360420784923	-1.1869106629429136	0.5935567085670282	0.5935566538681951	0.6697586147816288	1.8941056947964938	1.1869106629429136	0.019999999999999993	1.2	1.2	0.1	0.1	2.997725422294234
42.30776017855946	1.7838376877141764e-10	3.2384690219059435	1.3482566902305702e-11	3.23846912472943	1.5675480629533727e-11	0.2602925370993717	1.0305352409813892e-12	0	0.7558999690944046	3.513135678380223	-1.5808387709459262	0.7905785247026469	0.79057845857389	0.7558813243690289	2.015856093613536	1.5808387709459262	0.019999999999999993	1.4	1.4	0.1	0.1	2.997725422294234
39.34993250110599	6.322326804747493e-12	2.9951744571165264	6.052193394760586e-13	2.995174577486283	2.8474278664971684e-13	0.2406456338444534	3.434666646217901e-14	0	0.7996140695514811	3.8310569507997503	-1.8135334741543594	0.9069630501730495	0.9069629737622842	0.7995896669101412	2.070758780919789	1.8135334741543594	0.019999999999999993	1.5	1.5	0.1	0.1	2.997725422294234
36.81074345105218	2.933196730770794e-12	2.7867992570583544	5.162116412817916e-13	2.786799394599579	6.155481694606331e-13	0.22388509436142612	1.0006885794281713e-13	0	0.8436628803815304	4.17055996527194	-2.0722116544279148	1.0363458542156267	1.036345764349122	0.8436314111349213	2.122188124973043	2.0722116544279148	0.019999999999999993	1.6	1.6	0.1	0.1	2.997725422294234
32.672208049430566	1.0104734388048121e-11	2.448225098595803	8.850531738803658e-13	2.448225270970362	8.222198726947748e-13	0.1968003596389582	9.016946212457615e-14	0	0.9325621188121471	4.913960085601668	-2.6740586253358636	1.3373798237836314	1.337379696720903	0.9325119977841518	2.2159295832624117	2.6740586253358636	0.019999999999999993	1.8	1.8	0.1	0.1	2.997725422294234
29.437803167692863	7.147253236438207e-11	2.1846097045681767	6.028658194217074e-12	2.1846099146130595	6.742783234020472e-12	0.17585805604499974	5.535651524528375e-13	0	1.0222868367643576	5.742789867952223	-3.399513123392559	1.700254728529725	1.7002545488134193	1.0222109126233583	2.2993249683300654	3.399513123392559	0.019999999999999993	2.0	2.0	0.1	0.1	2.997725422294234
26.83661908148768	5.098275711066823e-13	1.9732902868122748	8.926301462800197e-14	1.9732905391585625	6.624034902281223e-14	0.15917732286832453	9.244001276954524e-15	0	1.1126316051264986	6.656680386852559	-4.261768049304092	2.131575766185644	2.131575515898961	1.1125212236875481	2.374120379953048	4.261768049304092	0.019999999999999993	2.2	2.2	0.1	0.1	2.997725422294234
24.696825129679773	8.02374243864315e-12	1.7999380929553148	5.819814472381903e-13	1.7999383933101085	5.825699186974923e-13	0.14557431655379843	4.034559109560948e-14	0	1.203454892364595	7.6553722902805665	-5.274052370981072	2.6379674080119404	2.637967066459712	1.2032997422091791	2.4416790586737775	5.274052370981072	0.019999999999999993	2.4	2.4	0.1	0.1	2.997725422294234
23.76264624755632	6.680568416705671e-12	1.724397661190891	8.758506624670756e-13	1.7243979879052571	4.702516106335138e-13	0.13967166913503004	9.166730807187054e-14	0	1.2490132916570726	8.18645782091459	-5.840596126234381	2.9213884668317704	2.921388070943628	1.2488313323308302	2.4730899923692036	5.840596126234381	0.019999999999999993	2.5	2.5	0.1	0.1	2.997725422294234
22.9040295916879	7.458884648471729e-12	1.6550434883355585	5.310251153984054e-13	1.6550438430602827	4.873374741669396e-13	0.1342667468355616	3.2794765595725054e-14	0	1.2946558412761484	8.738677187895677	-6.449618035929493	3.226066918177246	3.226066461647926	1.2944438066797392	2.5030770109161438	6.449618035929493	0.019999999999999993	2.6	2.6	0.1	0.1	2.997725422294234
21.379050159519984	3.1864069681848186e-13	1.5320435629864408	1.1159654533182126e-13	1.5320439788815572	8.405016998553349e-14	0.12471698355534803	5.815284332448185e-15	0	1.3861605467046456	9.906454495266068	-7.801732264268247	3.9025205500495215	3.902519951580617	1.385877558542805	2.559174556804006	7.801732264268247	0.019999999999999993	2.8	2.8	0.1	0.1	2.997725422294234
20.065286308724698	1.5530933291144866e-10	1.42626064363264	1.2441820304002362e-11	1.4262611278402073	4.222838856745958e-12	0.11654337773767126	2.7925513120246835e-13	0	1.4779135660997518	11.158596914255765	-9.343672840868042	4.67398121467934	4.673980443947986	1.4775434535607235	2.6106685203125863	9.343672840868042	0.019999999999999993	3.0	3.0	0.1	0.1	2.997725422294234
18.921173620795535	3.6270118869898947e-12	1.3342692619153484	2.419066879078426e-13	1.3342698219474263	5.180990808205768e-13	0.10946753124679359	3.5188727403759605e-14	0	1.5698724697555435	12.49502101480774	-11.088725198755894	5.547106998524111	5.547106021585241	1.5693968099067148	2.658130230220653	11.088725198755894	0.019999999999999993	3.2	3.2	0.1	0.1	2.997725422294234
17.9154815220915	2.5742805418202704e-12	1.2535024527787508	4.483644813275886e-13	1.2535030965313294	6.441406837760926e-14	0.10328159664077519	3.0611996234826816e-14	0	1.6620042253338683	13.915660915245006	-13.050180654966002	6.528560186191743	6.5285589654119445	1.6614021941393375	2.7020334619029196	13.050180654966002	0.019999999999999993	3.4	3.4	0.1	0.1	2.997725422294234
17.024274531631963	3.1867876787370654e-12	1.1819978616224076	1.2032397797127904e-13	1.1819985973334448	2.6516740499594733e-13	0.09782725048915689	1.890556765290673e-14	0	1.7542827323656622	15.420463928064992	-15.241335462718062	7.625006591509512	7.625005085390346	1.753530962286761	2.7427751794277118	15.241335462718062	0.019999999999999993	3.6	3.6	0.1	0.1	2.997725422294234
16.228891811576478	3.479755852463257e-13	1.1182292532816844	2.4642059466839035e-15	1.118230089785164	1.2912134829287166e-15	0.09298177722223543	3.0160692568904486e-15	0	1.846687099905935	17.00938750294178	-17.675490508282124	8.84311507932162	8.843113242334102	1.8457595518397585	2.780691146311625	17.675490508282124	0.019999999999999993	3.8	3.8	0.1	0.1	2.997725422294234
15.514559777254576	7.764837332783995e-13	1.0609910978868926	1.8052408153055062e-14	1.0609920445411116	1.3649114128268693e-13	0.08864856597135835	5.824094186089994e-15	0	1.9392004175677284	18.68239701545734	-20.365951568505483	10.189557204950848	10.189554987447917	1.9380682793765787	2.8160676826318767	20.365951568505483	0.019999999999999993	4.0	4.0	0.1	0.1	2.997725422294234
14.869428038806685	2.5204222796629088e-12	1.0093184549905225	9.882333483137724e-13	1.009319521059541	1.6009396776068218e-12	0.08475053056609923	1.130612933181875e-13	0	2.0318088611509113	20.439464135963874	-23.326030092554248	11.671006926731046	11.671004274777516	2.0304404898962924	2.849151436608201	23.326030092554248	0.019999999999999993	4.2	4.2	0.1	0.1	2.997725422294234
14.28387619274823	3.801579078967341e-13	0.9624295902360882	1.242008373092011e-14	0.9624307872986801	1.5026944991581975e-14	0.081225405603035	4.441911123381073e-15	0	2.1245010309580445	22.280565685546655	-26.56904449235518	13.294140367514167	13.294137222864286	2.1228619562552096	2.880155135603342	26.56904449235518	0.019999999999999993	4.4	4.4	0.1	0.1	2.997725422294234
13.750002653759118	4.007110144385355e-13	0.9196836732053155	1.8656096179181284e-14	0.9196850117575861	1.0843237731121882e-13	0.0780223006700839	6.2548618635370295e-15	0	2.2172674567453416	24.205682632817716	-30.10832190508803	15.065635607217343	15.065631907015085	2.2153204728176052	2.909265037194535	30.10832190508803	0.019999999999999993	4.6	4.6	0.1	0.1	2.997725422294234
13.261267063383823	1.5279563622580436e-12	0.880551170488497	8.132472192284174e-14	0.8805526603041347	8.479461125478464e-14	0.07509927928047741	6.9124649692405985e-15	0	2.3101002157738706	26.214799456184263	-33.95720038926927	16.99217251031746	16.992168187136553	2.3078055874321897	2.936645001276643	33.95720038926927	0.019999999999999993	4.8	4.8	0.1	0.1	2.997725422294234
12.812203426263585	4.967657780329274e-12	0.8445903664131551	2.965247987660135e-13	0.844592022398817	5.215624592176766e-14	0.07242144541163631	3.430138479062118e-14	0	2.40299264206043	28.307903684935365	-38.129031456297504	19.080432593710984	19.080427575484176	2.4003084470442686	2.962437495565526	38.129031456297504	0.019999999999999993	5.0	5.0	0.1	0.1	2.997725422294234
12.398191788684567	6.2253280719704455e-12	0.8114285512373894	9.323924253668108e-13	0.8114303890247834	1.433693221135627e-14	0.06995943690342435	4.7817493973118266e-14	0	2.4959391014338004	30.484985310855016	-42.63718277561769	21.33709894424107	21.337093154144124	2.492821742661101	2.986769768446104	42.63718277561769	0.019999999999999993	5.2	5.2	0.1	0.1	2.997725422294234
12.015313751150273	1.5851585613397478e-12	0.7807499662525144	6.912513209773167e-14	0.780751995578514	3.215465408377477e-14	0.06768844651535828	3.9677408844327734e-15	0	2.588934807117586	32.746036457706744	-47.495040855236326	23.76885621905263	23.768849575184177	2.585339717911578	3.00975777253584	47.495040855236326	0.019999999999999993	5.4	5.4	0.1	0.1	2.997725422294234
11.660236989778918	8.883863192413291e-13	0.7522864726297731	7.149796548689841e-14	0.7522887034166749	5.680315132888563e-14	0.06558744602457091	8.941135103487317e-15	0	2.6819756726340707	35.09105133370383	-52.71601341264459	26.38239076250227	26.38238317796926	2.677858224219522	3.031503148236437	52.71601341264459	0.019999999999999993	5.6	5.6	0.1	0.1	2.997725422294234
11.330089572933359	4.239999736769895e-12	0.7258074698357097	4.957580149899167e-13	0.7258099209142826	5.247594013822083e-13	0.06363838249499917	3.418192707988253e-14	0	2.775058201866441	37.52002595250918	-58.31353104919175	29.184390867732667	29.184382250886618	2.770374823264483	3.052093784434982	58.31353104919175	0.019999999999999993	5.8	5.8	0.1	0.1	2.997725422294234
11.02236488044178	2.043894600892263e-12	0.7011119593720604	2.9159543583721917e-13	0.7011146554072698	8.291829151483248e-14	0.06182556884271021	1.9207006190811484e-14	0	2.868179397373217	40.032957685431626	-64.3010477953741	32.18154722965804	32.18153748393818	2.8628889152052706	3.0716111874570826	64.3010477953741	0.019999999999999993	6.0	6.0	0.1	0.1	2.997725422294234
10.73488231797356	4.048001440221722e-13	0.6780250840881231	1.13988838368946e-13	0.6780280453214138	6.26580180408262e-14	0.06013540409581804	8.39721815620581e-15	0	2.9613366759456636	42.629845130589814	-70.69204005256128	35.38055364971124	35.38054267293778	2.955401858003678	3.0901341142256875	70.69204005256128	0.019999999999999993	6.2	6.2	0.1	0.1	2.997725422294234
10.46576129166114	3.230710184972715e-12	0.6563961209429385	1.7944212510408477e-12	0.6563993582005181	1.6695643456004906e-12	0.05855618037831196	3.189998829584985e-13	0	3.0545277985945836	45.31068830297452	-77.50000339046396	38.78810804437754	38.78809572820756	3.047917062474849	3.1077336722258453	77.50000339046396	0.019999999999999993	6.4	6.4	0.1	0.1	2.997725422294234
10.213366315302347	1.2408313060169111e-13	0.6360943449047213	7.477523356668542e-14	0.6360978633056656	7.955001666038465e-14	0.05707773788901779	1.1489733026760979e-14	0	3.1477508213819037	48.07548865879549	-84.73844661344134	42.410913798455724	42.41090002859076	3.140440063117565	3.1244684609155478	84.73844661344134	0.019999999999999993	6.6	6.6	0.1	0.1	2.997725422294234
9.976238102820066	9.778480357397958e-13	0.6170034963630919	5.606324576705328e-14	0.6170073033978741	5.626662103518596e-14	0.05569104903309168	5.272294738181603e-15	0	3.241004058451075	50.92424872504664	-92.42088252122741	46.2556815059442	46.25566616289996	3.232978554315289	3.140387996066975	92.42088252122741	0.019999999999999993	6.8	6.8	0.1	0.1	2.997725422294234
9.753052834230578	1.7107009361895091e-12	0.5990181689630155	3.267402916151145e-13	0.5990222827307865	1.7952037337271593e-14	0.05438796579304006	2.4230977755219625e-14	0	3.334286043595546	53.85697164821447	-100.56081484503595	50.32913114598843	50.32911410604821	3.325542365538935	3.155541312382857	100.56081484503595	0.019999999999999993	7.0	7.0	0.1	0.1	2.997725422294234
9.542622869151685	8.761693702525255e-14	0.5820435566321231	5.2031806594036126e-14	0.5820480111326941	7.736746351309313e-15	0.05316120321961921	1.825958086391646e-15	0	3.4275954874571792	56.87366108905229	-109.17172090738414	54.63799473303163	54.63797586822022	3.4181433511160937	3.169981280684013	109.17172090738414	0.019999999999999993	7.2	7.2	0.1	0.1	2.997725422294234
9.343911256300157	2.300821854027567e-11	0.565996674198614	1.1827208977593422e-12	0.566001516967525	1.1646385685686374e-12	0.052004404075505606	2.973924722966013e-14	0	3.5209312390227336	59.97432150273849	-118.26702962776763	59.189019454779135	59.18899863201242	3.5107951876358228	3.183760363505315	118.26702962776763	0.019999999999999993	7.4	7.4	0.1	0.1	2.997725422294234
9.15602537116403	9.250213763691675e-14	0.5508062042896744	1.4163404824302055e-14	0.5508114826988809	5.104689967501803e-14	0.05091209075203473	1.098181201887467e-19	0	3.6142922606711765	63.15895846475735	-127.86009459961798	63.98897128398589	63.98894836359888	3.603513087045432	3.196922580783868	127.86009459961798	0.019999999999999993	7.6	7.6	0.1	0.1	2.997725422294234
8.978181022822046	2.8238898188265235e-13	0.5364099294991783	3.8800416487723406e-14	0.5364156690774917	1.25381584369511e-14	0.04987945524746135	2.3240564735277382e-15	0	3.707677615802861	66.42757867349604	-137.964162106947	69.04463902519079	69.04461385996358	3.6963134351530753	3.2094995124770325	137.964162106947	0.019999999999999993	7.8	7.8	0.1	0.1	2.997725422294234
8.809656095237893	2.6709564601198375e-13	0.5227509984585552	1.669886527140367e-14	0.5227571848952377	1.3349611125486245e-14	0.04890209213821368	1.9878299955498586e-16	0	3.8010864604777748	69.78018956427	-148.59233412793378	74.36283873936179	74.36281117458101	3.7892133585247527	3.221513985018735	148.59233412793378	0.019999999999999993	8.0	8.0	0.1	0.1	2.997725422294234
8.649760449125662	1.2289371715055888e-12	0.5097751705674987	7.696005456768633e-14	0.5097817493793757	1.8837334268847435e-13	0.04797582230186208	1.889502511336861e-14	0	3.8945180287562766	73.21679875351141	-159.75752656232788	79.9504184657652	79.95038834076765	3.882230217767857	3.2329887134178064	159.75752656232788	0.019999999999999993	8.2	8.2	0.1	0.1	2.997725422294234
8.497835786089453	1.5756767632769935e-13	0.49743039222869273	5.70333019021034e-14	0.497437292704943	1.639604096028553e-13	0.04709668345150244	1.682779661692229e-14	0	3.987971608882418	76.73741364831295	-171.4724231069829	85.81426313299441	85.81423028352717	3.9753810276535617	3.2439535700688857	171.4724231069829	0.019999999999999993	8.4	8.4	0.1	0.1	2.997725422294234
569.7884544909613	9.8850293985929e-11	47.72583338907756	8.307525296210528e-12	47.725833389289676	1.3567763947859046e-11	4.0047473956709325	1.1400547351963093e-12	0	0.3449451597062558	1.440311890229645	-0.2657958531338158	0.13289954631062884	0.13289954634864606	0.34494529794630174	1.024697966809299	0.2657958531338158	0.019999999999999993	0.2	0.2	0.15	0.15	2.997725422294234
146.94023945069299	7.949478792655965e-11	12.226173732315342	6.679998508798206e-12	12.226173734426125	6.9268843792598785e-12	1.0249638068672624	5.815192817348028e-13	0	0.3786370977664439	1.5656836646958652	-0.3400748260838785	0.17004430691464267	0.17004430606303733	0.3786371109678674	1.1016028500127675	0.3400748260838785	0.019999999999999993	0.4	0.4	0.15	0.15	2.997725422294234
74.50995222634147	9.568143917774396e-12	6.110722390630887	4.996804508717404e-13	6.110722397183338	9.030382779878517e-13	0.5095566197535658	2.881783659523649e-14	0	0.43275102217151956	1.7704723901394832	-0.46427239583610413	0.23215326984436072	0.23215323367797314	0.4327452816474516	1.2287372880351626	0.46427239583610413	0.019999999999999993	0.6	0.6	0.15	0.15	2.997725422294234
46.96228672021435	2.823729464243688e-11	3.781070781902612	2.7109987619869196e-12	3.781070794617001	1.3471791378296947e-12	0.3139815411256377	1.3272129925477755e-13	0	0.5033593365006703	2.047750959035766	-0.6409238287035582	0.3204960279725762	0.3204959871258534	0.5033036573069349	1.42936699958981	0.6409238287035582	0.019999999999999993	0.8	0.8	0.15	0.15	2.997725422294234
33.1236198017838	4.1980829786395736e-11	2.598586513371032	3.12717157200567e-12	2.5985865188137156	2.4982459919224677e-12	0.21464014846358437	1.7853031742575046e-13	0	0.5833691510349684	2.4181128936353278	-0.8778825732708511	0.43900204126969594	0.43900199612289736	0.5833623762620735	1.6632805784220182	0.8778825732708511	0.019999999999999993	1.0	1.0	0.15	0.15	2.997725422294234
26.274350869948027	6.0636120541644624e-12	2.0196289446692433	5.172517082555478e-13	2.019628943625006	4.733920759250245e-13	0.16673242925396886	2.621993338650142e-14	0	0.6671987753411299	2.8858428834492944	-1.187245879419324	0.5937235127749527	0.5937234603701362	0.667188603616952	1.8105972361315459	1.187245879419324	0.019999999999999993	1.2	1.2	0.15	0.15	2.997725422294234
21.955221161897313	1.0093917471412742e-13	1.6572879199363824	5.288876266990167e-14	1.6572879208922013	1.8094425629764416e-13	0.1371955448193796	1.5119664221983152e-14	0	0.7534875261371521	3.443198411982205	-1.5812350445248835	0.7907755522769033	0.7907754800079257	0.7534691489443678	1.935596947662944	1.5812350445248835	0.019999999999999993	1.4	1.4	0.15	0.15	2.997725422294234
18.957326992453996	4.625124426110918e-13	1.406877706500815	4.4806095471338626e-14	1.4068777154329892	8.110869056787922e-16	0.11701760650844896	1.3776683177678277e-16	0	0.841387654533757	4.088382544387147	-2.0726784963428546	1.0365778043996405	1.0365776977905572	0.8413563917375866	2.042736507537871	2.0726784963428546	0.019999999999999993	1.6	1.6	0.15	0.15	2.997725422294234
16.74730091976953	2.781314273542429e-13	1.2228074087181322	1.1492421828921379e-14	1.222807429586088	7.541396359045031e-14	0.10233364693871475	2.534510698856117e-15	0	0.9304067160442828	4.820269210309624	-2.6746021675067126	1.3376497048742217	1.3376495467874494	0.9303567987888276	2.135704156987103	2.6746021675067126	0.019999999999999993	1.8	1.8	0.15	0.15	2.997725422294234
15.04751996222841	7.112006457006188e-13	1.0815033164290304	4.6656956724488573e-14	1.0815033517077781	1.629925481649433e-13	0.0911630639681019	1.632351791002224e-14	0	1.0202368530443267	5.63814521950178	-3.400137789373784	1.7005646936535024	1.7005644636682613	1.0201611642424455	2.2172199406063164	3.400137789373784	0.019999999999999993	2.0	2.0	0.15	0.15	2.997725422294234
13.698286305997309	4.0798135788789316e-13	0.9694686761478355	1.476113058986971e-14	0.9694687276117612	1.5861661469781218e-14	0.08237991726139678	1.6584183420303583e-15	0	1.1106751052357167	6.541531857127398	-4.26247730481148	2.1319274888924955	2.131927162900859	1.110565015128066	2.289321655763029	4.26247730481148	0.019999999999999993	2.2	2.2	0.15	0.15	2.997725422294234
12.600878834204188	2.3444752312368816e-13	0.878392325326303	1.862463885353486e-14	0.8783923946134804	6.890617447991832e-16	0.07529517541736677	9.941773410620468e-16	0	1.2015819427429766	7.5300929825151535	-5.274849089746829	2.6383622654789294	2.638361815417632	1.2014271600941338	2.3535670539129914	5.274849089746829	0.019999999999999993	2.4	2.4	0.15	0.15	2.997725422294234
11.690819173199937	2.4293894742264836e-13	0.8028642485060941	4.6928477338759956e-14	0.8028643374380564	4.054044553539817e-15	0.06946287348327546	3.636199979582946e-18	0	1.292858122632168	8.603583977381248	-6.450504696455507	3.226506089877464	3.2265054835084555	1.2926465490076882	2.411170339139737	6.450504696455507	0.019999999999999993	2.6	2.6	0.15	0.15	2.997725422294234
10.924119421959306	9.29950437643533e-13	0.73920478158991	4.7389985568621477e-14	0.7392048923142646	6.158898106484675e-14	0.06458128154014933	1.563551348804642e-14	0	1.3844310401973245	9.761821583751725	-7.802711062628973	3.9030050746374605	3.9030042753020817	1.3841486234050506	2.463095144612712	7.802711062628973	0.019999999999999993	2.8	2.8	0.15	0.15	2.997725422294234
10.269689195772504	1.3179045783354124e-12	0.6848202080609088	1.209281049368329e-13	0.6848203430881545	2.0469281798126793e-14	0.060438759684743104	4.390333212932425e-15	0	1.476246306165293	11.004665182921919	-9.34474576024677	4.674512025460418	4.6745109919056596	1.4758768918586516	2.5101188094139646	9.34474576024677	0.019999999999999993	3.0	3.0	0.15	0.15	2.997725422294234
9.704898874580735	7.586052499481198e-14	0.637827288906106	4.338930873382367e-14	0.6378274510949836	3.9282079352970014e-14	0.056882346469065766	2.037181038561346e-15	0	1.568262347781918	12.332004698120517	-11.089894052964935	5.547684946304157	5.5476836324774945	1.567787529634387	2.5528775678815183	11.089894052964935	0.019999999999999993	3.2	3.2	0.15	0.15	2.997725422294234
9.212863667049	8.015514178320397e-14	0.5968240265525966	1.2207966252520576e-14	0.5968242190773952	9.090362389531978e-15	0.05379866008155758	6.675294435672969e-16	0	1.6604468343173313	13.743752510069479	-13.051447116503299	6.529186055050052	6.529184409945392	1.6598458053624487	2.5918988877424107	13.051447116503299	0.019999999999999993	3.4	3.4	0.15	0.15	2.997725422294234
8.780715172785884	2.465592065220088e-13	0.5607441335975394	2.2856709923262043e-14	0.5607443599258375	7.07899561901401e-15	0.051101820558216014	9.042546036474946e-16	0	1.752774243519184	15.239837900199005	-15.242701080967398	7.625681110445471	7.625679077923224	1.7520236537114702	2.6276249924054778	15.242701080967398	0.019999999999999993	3.6	3.6	0.15	0.15	2.997725422294234
8.398464519630638	5.310210433239218e-15	0.5287615200304546	1.6827840306553998e-15	0.5287617838672011	4.224938304028286e-15	0.048725552426150835	4.410234696713296e-16	0	1.8452241640960434	16.820203131605435	-17.676956719740833	8.843838930921677	8.843836449536262	1.8442979923971368	2.6604303537710514	17.676956719740833	0.019999999999999993	3.8	3.8	0.15	0.15	2.997725422294234
8.05823282837424	1.4705690711797402e-13	0.5002257780740544	1.8491384158965193e-14	0.5002260834033521	8.38520619905323e-16	0.04661786838687137	4.622122658610806e-16	0	1.9377800858979468	18.484800634917978	-20.36751970137164	10.190331032526078	10.19032803541799	1.9366495388458767	2.690634728289342	20.36751970137164	0.019999999999999993	4.0	4.0	0.15	0.15	2.997725422294234
7.753717497299299	2.3282731024350434e-13	0.4746175055952097	3.5476181889180584e-14	0.47461785655445643	1.2102803681318875e-14	0.04473740065803676	1.866456568714585e-15	0	2.0304285210345143	20.2335909287262	-23.327701366755697	11.67183134069714	11.671827755420404	2.0290619742751828	2.7185133979222273	23.327701366755697	0.019999999999999993	4.2	4.2	0.15	0.15	2.997725422294234
7.479813931322561	1.309403066084031e-13	0.45151671155827433	2.1658039502990826e-14	0.45151711261031363	1.2750605119921355e-14	0.04305081285730493	4.386690911946164e-15	0	2.123158354340865	22.06654109968108	-26.570820012911497	13.295015949996326	13.295011698402961	2.121521356674189	2.7443046954382204	26.570820012911497	0.019999999999999993	4.4	4.4	0.15	0.15	2.997725422294234
7.232340760274428	2.6766408020059182e-14	0.43057988695255056	2.331682817826942e-15	0.43058034271966944	8.778276456490963e-15	0.04153092976843218	7.728084147882421e-16	0	2.2159603563478543	23.98362360161896	-30.11020265387817	15.066562917484095	15.06655791555791	2.214015720986525	2.7682163998044533	30.11020265387817	0.019999999999999993	4.6	4.6	0.15	0.15	2.997725422294234
7.007840452283812	4.2234265467616046e-13	0.41152337745931733	7.388484493774913e-14	0.4115238926171343	1.1044140307145612e-13	0.040155382955995016	1.3052414372013458e-14	0	2.3088268114003054	25.98481538149656	-33.95918721198978	16.993152089490515	16.99314624725054	2.3065348200830096	2.7904307371132315	33.95918721198978	0.019999999999999993	4.8	4.8	0.15	0.15	2.997725422294234
6.803427250723457	1.6822801039723592e-13	0.3941107783996776	1.1861972248695569e-15	0.3941113582629555	5.906734720971531e-15	0.038905585310177876	4.594241058096219e-16	0	2.4017512322142274	28.0700972083798	-38.131125042360765	19.08146496725478	19.081458188645254	2.39906997897107	2.811107563387092	38.131125042360765	0.019999999999999993	5.0	5.0	0.15	0.15	2.997725422294234
6.616671758145234	2.1967876077892638e-13	0.37814330611199864	1.841841047912262e-14	0.37814395599750433	7.317486041356652e-15	0.037765956056862136	1.861990631826909e-15	0	2.494728136835922	30.239453043194516	-42.639383639637316	21.33818462620158	21.33817680894619	2.4916140399046616	2.8303885380972553	42.639383639637316	0.019999999999999993	5.2	5.2	0.15	0.15	2.997725422294234
6.445517202110886	2.575533202347018e-13	0.36345282129358625	4.483009082671543e-14	0.3634535461581173	3.5466305752059032e-16	0.03672335553452788	1.6696197902896105e-15	0	2.5877528706414767	32.492869652480714	-47.49734932028976	23.769995717430387	23.769986752910484	2.584161373751037	2.848399922451472	47.49734932028976	0.019999999999999993	5.4	5.4	0.15	0.15	2.997725422294234
6.288210096611873	2.0911448156070552e-14	0.3498961706057125	1.4452080654536432e-15	0.3498969762415891	2.0920730999438585e-14	0.035766623440930345	2.2228285707404222e-15	0	2.680821466280969	34.83033633803973	-52.718429585073466	26.38358458011395	26.383574353336165	2.6767079452019154	2.86525315197205	52.718429585073466	0.019999999999999993	5.6	5.6	0.15	0.15	2.997725422294234
6.143242001961483	5.626401950652462e-14	0.33735035556210136	4.815019207898146e-15	0.33735124864681015	1.9449844977468906e-14	0.03488619636272817	1.1597769652999997e-15	0	2.773930532089881	37.25184453138112	-58.31605479170307	29.185639500947133	29.185627890401964	2.7692514182797967	2.8810473362825317	58.31605479170307	0.019999999999999993	5.8	5.8	0.15	0.15	2.997725422294234
6.009310019443404	7.836935490132295e-14	0.3257091526361508	1.553845573790705e-15	0.3257101392498476	6.4280484478468865e-15	0.03407384320986976	1.572876127410002e-15	0	2.8670771578076755	39.7573874853652	-64.30367871431518	32.18285117149221	32.182838049016006	2.8617912777208128	2.8958727471447028	64.30367871431518	0.019999999999999993	6.0	6.0	0.15	0.15	2.997725422294234
5.8852883531585505	1.7851289719404985e-13	0.3148807986425627	2.6558761634132654e-15	0.3148818840708932	1.2280062053507898e-15	0.033322471938620514	1.5977316286127217e-16	0	2.960258836251822	42.34696023482835	-70.69477749695932	35.381913394759316	35.38189862537959	2.9543289478431984	2.909811044123646	70.69477749695932	0.019999999999999993	6.2	6.2	0.15	0.15	2.997725422294234
5.770197851003895	5.693640346573465e-14	0.30478562523640756	8.100041884239851e-15	0.30478681540452673	1.1035961402477542e-14	0.03262593194803028	5.906384564151428e-17	0	3.053473402249454	45.02055952710614	-77.50284644665412	38.789524086374776	38.78950752836218	3.0468678997165415	2.922933894073754	77.50284644665412	0.019999999999999993	6.4	6.4	0.15	0.15	2.997725422294234
5.663176482551244	2.0758374443243222e-14	0.295353618707161	3.576434562341606e-14	0.29535492099586996	2.1334358253403397e-14	0.031978827437719216	4.091768249172608e-15	0	3.1467189829382285	47.77818350862974	-84.74139409572226	42.41238661989506	42.41236812467136	3.139413731414412	2.9353045839023073	84.74139409572226	0.019999999999999993	6.6	6.6	0.15	0.15	2.997725422294234
5.563461508201834	3.806062910654626e-11	0.2865227789272426	5.861270618719897e-12	0.28652420165656434	8.770581116758993e-13	0.03137640064920075	2.588361844392672e-14	0	3.2399939516288496	50.61983141361429	-92.42393298150115	46.257211569744335	46.25719098180806	3.2319741978911747	2.9469819633870054	92.42393298150115	0.019999999999999993	6.8	6.8	0.15	0.15	2.997725422294234
5.470382436473562	5.08296833978409e-14	0.2782384672618136	7.489623453556723e-15	0.27824001895661754	5.495814260143734e-15	0.03081447866522032	5.113192686054818e-16	0	3.333296885200734	53.54550354436408	-100.56396661902588	50.330718896764566	50.33069605346528	3.324559172431569	2.958022021537634	100.56396661902588	0.019999999999999993	7.0	7.0	0.15	0.15	2.997725422294234
5.383353073187582	4.824479910220597e-13	0.2704529073781666	1.2352413902494668e-14	0.27045459641483316	8.58741096204558e-15	0.03028941760888363	6.356638856925289e-17	0	3.4266265298360983	56.555201429690484	-109.1749721867809	54.63964060107893	54.63961533243213	3.4171805337916665	2.9684756114060975	109.1749721867809	0.019999999999999993	7.2	7.2	0.15	0.15	2.997725422294234
5.301855948325716	2.2243057875680223e-14	0.26312410107292167	1.523551437627488e-14	0.2631259350181774	1.3585175284978056e-16	0.029798006402669094	1.9564586192159398e-15	0	3.5199817763302965	59.64892781786627	-118.27037853328753	59.190723849653374	59.19069597822466	3.509851977880671	2.9783859085841193	118.27037853328753	0.019999999999999993	7.4	7.4	0.15	0.15	2.997725422294234
5.225424507335182	3.6454351197509236e-14	0.2562143596434206	2.491127564911539e-15	0.2562163447307157	6.9176853793620086e-15	0.029337359837352188	2.0274011248578705e-15	0	3.613361639747366	62.826686372686076	-127.86353924335393	63.99073457150611	63.99070391247094	3.6025887491120607	2.987789387498064	127.86353924335393	0.019999999999999993	7.6	7.6	0.15	0.15	2.997725422294234
5.153632657370807	3.4978966225564903e-13	0.24968923205308474	7.0823571634639e-14	0.24969137430461094	6.194240046065574e-14	0.028904853974764538	4.1824597134284816e-15	0	3.7067652371383835	66.08848128481765	-137.9677006601979	69.04646149671842	69.04642785807154	3.6954072841725574	2.9967199272519025	137.9677006601979	0.019999999999999993	7.8	7.8	0.15	0.15	2.997725422294234
5.0860945992635465	2.112241794366352e-14	0.24351729113729256	1.816521558595456e-14	0.24351959982302215	5.6794372540333144e-15	0.02849811981687743	1.8366958581434348e-15	0	3.80019176265569	69.43431710467884	-148.59596492294256	74.3647205881532	74.36468377087864	3.7883247662602697	3.0052122930343503	148.59596492294256	0.019999999999999993	8.0	8.0	0.15	0.15	2.997725422294234
5.022468899592285	1.1149731343957009e-13	0.23767048631783597	3.2457741758549484e-15	0.2376729777303373	3.2098177210753754e-15	0.028115061430645166	1.5469346470187491e-15	0	3.893640464134212	72.86419887786838	-159.76124824460544	79.95235978005837	79.95231957797814	3.8813585980786227	3.0133019503710323	159.76124824460544	0.019999999999999993	8.2	8.2	0.15	0.15	2.997725422294234
1553.6345594616373	3.9407316622857097e-07	130.22665098393722	3.3052537917316015e-08	130.2266509843897	3.3533105004445676e-08	10.922740735283703	2.8124921602968174e-09	0	0.3363935588379531	1.4088284340517812	-0.2472220051858119	0.12361139288060492	0.12361139290961988	0.3363935987021431	0.2472220051858119	0.019999999999999993	0.1	0.1	0.2	0.2	2.997725422294234
389.9520615131328	1.0448406485248418e-08	32.65666509673753	8.757464619779426e-10	32.656665096893235	8.206470059735142e-10	2.741990729711435	6.881094915604928e-11	0	0.344785008859956	1.440120012808901	-0.26577809132270114	0.13289063307371674	0.13289063312162472	0.3447851408241939	0.26577809132270114	0.019999999999999993	0.2	0.2	0.2	0.2	2.997725422294234
176.68703528561662	1.4887231924586995e-10	14.76567946788888	1.2882342254576582e-11	14.765679468472284	1.7047598257257053e-11	1.241254824626873	1.4553551690390027e-12	0	0.3586536550716306	1.4920601257770818	-0.29670354381457986	0.14835544179584295	0.14835544175666418	0.3586538507735936	0.29670354381457986	0.019999999999999993	0.3	0.3	0.2	0.2	2.997725422294234
103.70577310854115	1.1072004109157632e-09	8.634729764240866	9.379303105079611e-11	8.634729765485252	4.869392975808272e-11	0.7264292819037577	4.175471937632818e-12	0	0.3777820265251975	1.5641363268734203	-0.34002445400227516	0.17001899546240898	0.17001899475735424	0.37778218573186945	0.34002445400227516	0.019999999999999993	0.4	0.4	0.2	0.2	2.997725422294234
70.67622586980472	7.179901429503563e-10	5.8541990289361845	6.102065048749454e-11	5.854199031002953	7.425450948177451e-11	0.4926377121657012	6.242083207435627e-12	0	0.4018282200634969	1.6554088965683413	-0.39584826902605863	0.1979351999112369	0.19793519593077635	0.4018282642500014	0.39584826902605863	0.019999999999999993	0.5	0.5	0.2	0.2	2.997725422294234
52.702878542897984	2.0054653619517023e-10	4.338404919405804	1.774154393475427e-11	4.338404922443944	1.6468527709989724e-11	0.36514907006402963	1.4345104696258433e-12	0	0.43036089615760226	1.764630868662463	-0.46442853204600754	0.2322310575350616	0.23223104366438002	0.43036031824108223	0.46442853204600754	0.019999999999999993	0.6	0.6	0.2	0.2	2.997725422294234
41.37398967446365	2.748479030540491e-09	3.382662677821924	2.4221956393185334e-10	3.3826626819895407	2.6738639157886315e-10	0.2849420418405094	2.3208933480463042e-11	0	0.462913627174929	1.890584684254144	-0.5462064860721445	0.2731274609058711	0.2731274332910401	0.4629094966783318	0.5462064860721445	0.019999999999999993	0.7	0.7	0.2	0.2	2.997725422294234
33.34379109881729	1.2314932656622265e-10	2.7058550616984256	1.0880316407704749e-11	2.7058550668655355	2.0595655970855304e-11	0.22843558834004501	1.7797153842620344e-12	0	0.49900044985862857	2.032544960418553	-0.6418323458498972	0.32094982069996564	0.32094979596331324	0.4989858552253415	0.6418323458498972	0.019999999999999993	0.8	0.8	0.2	0.2	2.997725422294234
27.15243295975368	1.511986519525871e-11	2.183253293685699	1.035769464133507e-12	2.183253299789684	2.066862760231388e-12	0.18505980501953642	1.648893450405988e-13	0	0.538042731297182	2.1911858406371083	-0.7522188285330327	0.3761548544275257	0.3761548428167584	0.5380162297598156	0.7522188285330327	0.019999999999999993	0.9	0.9	0.2	0.2	2.997725422294234
22.320008048402023	2.4601726417367225e-11	1.769548128882568	2.5438804758285908e-12	1.769548135696752	8.027163307939931e-14	0.1506304332063199	2.0988634362686943e-14	0	0.5791506788767752	2.371032133031011	-0.8787408910902648	0.4394304723618466	0.4394304359769101	0.5791341833469577	0.8787408910902648	0.019999999999999993	1.0	1.0	0.2	0.2	2.997725422294234
19.03855844294939	2.4690096880577685e-11	1.4822095616538318	2.482795909322656e-12	1.482209566707308	1.0284675604418312e-12	0.1263467352742666	2.611236958827988e-14	0	0.6211292672545303	2.57993667682534	-1.0234071638167939	0.5117814449130539	0.5117813981018652	0.6211209008622293	1.0234071638167939	0.019999999999999993	1.1	1.1	0.2	0.2	2.997725422294234
16.859537551843232	7.749926461892082e-12	1.2921423804641625	1.6623707136342954e-12	1.2921423815439625	6.426212217907992e-13	0.11035623901334904	1.3363150844094194e-14	0	0.663582870375055	2.8157638583676667	-1.1878957282031462	0.5940473557663369	0.5940473038107826	0.6635727668435565	1.1878957282031462	0.019999999999999993	1.2	1.2	0.2	0.2	2.997725422294234
15.217385794714085	8.928088775828206e-12	1.150020842410987	1.9665861701117174e-13	1.1500208391773696	6.676709828293301e-13	0.09856249171381223	4.863879623947986e-14	0	0.7066003125586834	3.0745403256424897	-1.373566021700842	0.6869085085999321	0.6869084478022665	0.7065866819201898	1.373566021700842	0.019999999999999993	1.3	1.3	0.2	0.2	2.997725422294234
13.910087275857313	8.397973016582437e-12	1.0372408326419207	6.969505105055931e-13	1.0372408257786088	7.688366813379398e-13	0.0892981765972585	5.865268354902427e-14	0	0.7501003512043772	3.35577046347972	-1.581981872714063	0.7911474622312145	0.7911473887527072	0.7500820821925038	1.581981872714063	0.019999999999999993	1.4	1.4	0.2	0.2	2.997725422294234
12.839682260288276	3.995695845523984e-12	0.9450656642934914	3.1573070315658014e-13	0.9450656546403325	1.2518870706935567e-13	0.08179039482953461	4.869728048948704e-14	0	0.7939911680473133	3.6592870266184994	-1.8147605342104565	0.9075735525319799	0.9075734622517192	0.7939671013662696	1.8147605342104565	0.019999999999999993	1.5	1.5	0.2	0.2	2.997725422294234
11.945313073545638	1.059370095076084e-12	0.8681361685733601	1.4561994745042166e-13	0.8681361571427345	1.760558976270471e-13	0.07557238050993917	8.91918673196626e-15	0	0.8382043013787958	3.984899449277817	-2.0735280233094833	1.037000562488399	1.0370004508299893	0.8381731541687025	2.0735280233094833	0.019999999999999993	1.6	1.6	0.2	0.2	2.997725422294234
11.186116533346045	3.821867267106427e-12	0.8028707478966677	1.9021497889798703e-12	0.8028707358294968	1.4167191957105315e-12	0.07033476560607312	2.6989682146441067e-13	0	0.8826875763689511	4.332442433790491	-2.359917130880243	1.1802457289353427	1.1802455908198248	0.8826479163216957	2.359917130880243	0.019999999999999993	1.7	1.7	0.2	0.2	2.997725422294234
10.533345216084433	1.0280746350254948e-12	0.7467599195769671	1.4331549716625026e-13	0.7467599079851992	7.786372111430826e-14	0.06586213272690455	2.6250441470390517e-14	0	0.9273998242985527	4.701783472612881	-2.6755667786808375	1.3381294231727912	1.3381292530090731	0.9273500550597924	2.6755667786808375	0.019999999999999993	1.8	1.8	0.2	0.2	2.997725422294234
9.96605758421888	4.222410470649467e-11	0.6979823257196146	2.6736183694149895e-12	0.6979823156235355	3.680687614470984e-12	0.06199898123177657	3.578040486161187e-13	0	0.9723079598926468	5.092816083542525	-3.022120733857716	1.5114745103863934	1.5114743020604196	0.9722463100491315	3.022120733857716	0.019999999999999993	1.9	1.9	0.2	0.2	2.997725422294234
9.468577257173328	4.0152588414659676e-11	0.6551788795087518	3.0270153701685967e-12	0.6551788718095304	3.7244603002165514e-13	0.058629845442446565	4.4969223753372884e-14	0	1.0173850673744544	5.505453369970104	-3.4012264723335766	1.7011057834639665	1.7011055302825446	1.0173095805532295	3.4012264723335766	0.019999999999999993	2.0	2.0	0.2	0.2	2.997725422294234
9.028905555634022	2.6894840812580954e-12	0.6173122697604304	3.280326938923264e-13	0.6173122652294399	5.617673355606559e-13	0.055666996198289166	5.320802011969641e-14	0	1.0626090181037284	5.939623435097152	-3.814534335435231	1.9078495434088114	1.907849238114956	1.0625175436750376	3.814534335435231	0.019999999999999993	2.1	2.1	0.2	0.2	2.997725422294234
8.637684942051765	1.448751900338889e-12	0.5835756078710301	3.313542674205892e-13	0.5835756071820624	2.293734309611666e-13	0.053042483581690586	2.7615157350982753e-14	0	1.1079614440064451	6.39526609575689	-4.263696911384444	2.132533292252261	2.1325329269835303	1.1078516279963213	4.263696911384444	0.019999999999999993	2.2	2.2	0.2	0.2	2.997725422294234
8.287498923897212	7.702158691357414e-12	0.5533309299187067	1.0315941442739432e-12	0.5533309336535126	2.1287523416475862e-13	0.05070280261961513	1.5004870730849188e-14	0	1.1534269651596405	6.872330455173672	-4.750368573042398	2.3759855039795172	2.375985070299745	1.1532962411943986	4.750368573042398	0.019999999999999993	2.3	2.3	0.2	0.2	2.997725422294234
7.972386062719154	7.625184982743245e-13	0.5260666157286781	1.2219620094324005e-13	0.5260666243949137	1.3430024828627053e-13	0.048605213223848906	4.497878708133932e-15	0	1.1989926012340448	7.370773073624261	-5.27620512680027	2.6390354509451157	2.6390349397572375	1.198838181525746	5.27620512680027	0.019999999999999993	2.4	2.4	0.2	0.2	2.997725422294234
7.6874946886524285	1.2215089296705066e-12	0.5013672005152942	1.0663428937966933e-13	0.5013672145667754	1.1892588273772375e-14	0.046715139646703235	1.0712556291191896e-14	0	1.2446473176589357	7.890556569247907	-5.8428635425705195	2.922513070595494	2.922512472191676	1.2444661839464333	5.8428635425705195	0.019999999999999993	2.5	2.5	0.2	0.2	2.997725422294234
7.428832592942461	1.7099763580416846e-12	0.47889153160594145	8.543970590025009e-14	0.47889155145666346	7.013001076070667e-14	0.04500429450837059	3.77797212224328e-15	0	1.2903816716814802	8.431648533336872	-6.452001744155596	3.227248862169838	3.2272481661667096	1.2901705661144858	6.452001744155596	0.019999999999999993	2.6	2.6	0.2	0.2	2.997725422294234
7.19308232055715	3.763125558763909e-12	0.45835667792350526	7.80291994496084e-13	0.4583567039619256	4.3457615024419165e-13	0.043449300887076416	5.012578544539224e-14	0	1.336187533489528	8.994020679107498	-7.105278445095714	3.5540738056624157	3.5540730010360893	1.335942949441391	7.105278445095714	0.019999999999999993	2.7	2.7	0.2	0.2	2.997725422294234
6.977462691335711	4.1098888352931724e-13	0.4395258869517998	1.8279241075765708e-13	0.43952591955339526	1.2765104752347215e-13	0.04203066392609777	3.058498707826706e-15	0	1.382057864386391	9.577648166161499	-7.804353019454385	3.9038192977446418	3.9038183727825007	1.3817760371942558	7.804353019454385	0.019999999999999993	2.8	2.8	0.2	0.2	2.997725422294234
6.77962348310643	7.778745548926559e-13	0.4221994411236563	4.9282792970823785e-14	0.42219948065733864	7.984388660717924e-14	0.040731992210474195	1.365734748707317e-15	0	1.4279865387971071	10.182509058922566	-8.550885399909605	4.27731710063599	4.277316042935179	1.4276634364380438	8.550885399909605	0.019999999999999993	2.9	2.9	0.2	0.2	2.997725422294234
6.597564289947937	1.183054532253821e-12	0.40620762506157576	1.1957044699804753e-13	0.4062076718997198	1.3235969707674264e-13	0.03953940056229565	5.109739516275551e-15	0	1.4739682002819054	10.808583888378264	-9.346535997448331	4.675399300863519	4.675398097340233	1.4735995140075047	9.346535997448331	0.019999999999999993	3.0	3.0	0.2	0.2	2.997725422294234
6.429571261761578	1.85744116932278e-12	0.391405252220046	1.2006802141754553e-13	0.39140530674178475	4.219861237982096e-14	0.03844104654584216	9.787417941688507e-15	0	1.5199981441805157	11.455855294511851	-10.192965638806431	5.09889827586383	5.098896912696775	1.5195792791433775	10.192965638806431	0.019999999999999993	3.1	3.1	0.2	0.2	2.997725422294234
6.274167244654705	5.704890606556333e-13	0.37766735865007417	1.4998677292442957e-13	0.37766742124658914	7.893520883542528e-14	0.03742676682439941	1.6132571653544058e-14	0	1.5660722212805411	12.124307732055419	-11.091835518462194	5.548646666459639	5.548645129128913	1.5655982872161955	11.091835518462194	0.019999999999999993	3.2	3.2	0.2	0.2	2.997725422294234
6.130072096648249	7.155410968815336e-13	0.3648857816724232	4.476604041965361e-13	0.36488585274972474	4.65618019722367e-13	0.036487789047016876	8.209148524375902e-16	0	1.6121867582257814	12.813927226741978	-12.04480716326094	6.025477354212234	6.025475627443896	1.611652560263358	12.04480716326094	0.019999999999999993	3.3	3.3	0.2	0.2	2.997725422294234
5.99617080612151	5.3659134748697936e-15	0.35296641640573007	3.275036804363248e-15	0.35296649638453875	1.864248905692492e-15	0.03561650144556399	1.686379255631749e-15	0	1.6583384913542487	13.524701172179935	-13.053542407977755	6.530223442361545	6.530221510132059	1.6577385210515134	13.053542407977755	0.019999999999999993	3.4	3.4	0.2	0.2	2.997725422294234
5.871487658876707	2.292719649249418e-13	0.3418269968166876	1.1917735845146698e-14	0.34182708613747653	4.690579880166602e-14	0.03480626700058436	1.2853503251318253e-14	0	1.704524511371695	14.256618158994627	-14.119703380852586	7.063718239731067	7.063716085286505	1.703852938115445	14.119703380852586	0.019999999999999993	3.5	3.5	0.2	0.2	2.997725422294234
5.755165155642333	7.73741564646318e-13	0.33139528787523626	6.640924925673358e-14	0.3313953869974884	4.865299719332532e-14	0.0340512724488037	5.481882620561827e-15	0	1.7507422168427542	15.00966783066199	-15.244952498352658	7.626795246990192	7.626792852791016	1.74999287975897	15.244952498352658	0.019999999999999993	3.6	3.6	0.2	0.2	2.997725422294234
5.646446673468564	7.966236723775553e-14	0.3216076016627675	7.702618810811509e-15	0.3216077110618278	4.987595559525842e-15	0.03334640465226407	5.550299309439416e-16	0	1.7969892748832708	15.783840761599713	-16.430952468528123	8.22028814461147	8.220285492344557	1.7961556754463468	16.430952468528123	0.019999999999999993	3.7	3.7	0.2	0.2	2.997725422294234
5.544662097090707	1.238348792508021e-13	0.31240756997175145	3.3378307473134954e-14	0.31240769014265696	4.477109005198557e-15	0.03268714860530383	8.541988943647963e-16	0	1.8432635877961954	16.579128352720097	-17.67936630289028	8.845030782323638	8.845027852882573	1.842338883358441	17.67936630289028	0.019999999999999993	3.8	3.8	0.2	0.2	2.997725422294234
5.4492158560447805	2.2770877090626956e-13	0.30374512366745954	2.6960793571551052e-14	0.3037452551271488	8.362103353845927e-14	0.032069502865935726	8.438485365370068e-16	0	1.88956326460326	17.395522741312895	-18.991857336411083	9.501857169680225	9.501853943179016	1.8885402631061836	18.991857336411083	0.019999999999999993	3.9	3.9	0.2	0.2	2.997725422294234
5.359576918133583	5.214291549977874e-13	0.29557564026608557	6.050970216888939e-14	0.29557578354759273	3.812452292575296e-14	0.031489909080399586	2.4465555360949465e-15	0	1.935886596649385	18.23301672421331	-20.37008925556022	10.19160146748405	10.191597923216788	1.9347577527868816	20.37008925556022	0.019999999999999993	4.0	4.0	0.2	0.2	2.997725422294234
5.2752703477930565	3.262505217971471e-13	0.28785922660850577	2.5787983999224042e-14	0.2878593822591993	2.8172156656937747e-14	0.030945192774165613	2.3176351640000348e-15	0	1.9822320366192072	19.091603691984343	-21.81572613442724	10.915097980001368	10.915094096460287	1.9809894497672933	21.81572613442724	0.019999999999999993	4.1	4.1	0.2	0.2	2.997725422294234
5.195870135462565	6.674048967801759e-13	0.2805601105644123	4.1124417865566924e-14	0.28056027915103277	5.342719503445439e-14	0.030432513275941847	6.290784590852105e-15	0	2.0285981804353725	19.971277570766524	-23.330432478420065	11.673181147667785	11.673176902507649	2.0272335947016384	23.330432478420065	0.019999999999999993	4.2	4.2	0.2	0.2	2.997725422294234
5.120993107642262	3.4127981647835427e-14	0.2736461243023207	1.6825206669988252e-14	0.27364630641454646	1.9243616603056666e-14	0.02994932133092138	2.709548580423625e-16	0	2.07498375154891	20.872032770507914	-24.91587327559528	12.466685540364129	12.466680910421951	2.073488558336935	24.91587327559528	0.019999999999999993	4.3	4.3	0.2	0.2	2.997725422294234
5.050293754247953	1.2228528203756728e-13	0.26708826559805154	2.1639713781887502e-15	0.2670884618409443	4.124567488244819e-16	0.029493323182896533	6.657052425708282e-16	0	2.121387587257117	21.793864140627548	-26.573714055399552	13.296445851207231	13.296440812462917	2.1197528307249174	26.573714055399552	0.019999999999999993	4.4	4.4	0.2	0.2	2.997725422294234
4.983459790523833	1.9905810881656504e-13	0.260860322805303	2.099564332841983e-14	0.26086053379229973	2.7259601586906428e-14	0.029062449853574892	5.495634289612128e-16	0	2.1678086267635064	22.73676693274121	-28.305620954064143	14.163296890735323	14.163291418322853	2.1660250125696985	28.305620954064143	0.019999999999999993	4.5	4.5	0.2	0.2	2.997725422294234
4.920208297215663	3.0134292866236653e-13	0.25493854996703713	5.2969015428585685e-16	0.254938776325315	2.3607625549070646e-16	0.02865483054999482	7.008592430445815e-16	0	2.214245900743906	23.700736767527438	-30.113260786363757	15.068073581750099	15.068067649962682	2.2123038085148425	30.113260786363757	0.019999999999999993	4.6	4.6	0.2	0.2	2.997725422294234
4.860282360127111	1.476393767186465e-14	0.24930138373507743	2.2259679145121464e-14	0.24930162611639953	6.241645504249019e-15	0.02826876961037393	1.6964215126223423e-15	0	2.2606985221864564	24.685769603282218	-31.998301122550753	16.011610954558048	16.011604536801183	2.25858802216803	31.998301122550753	0.019999999999999993	4.7	4.7	0.2	0.2	2.997725422294234
4.803448179508841	7.021346467202723e-14	0.24392919872479688	4.012124009287396e-14	0.24392945780524178	6.903054065107859e-15	0.0279027267032115	3.474630070255253e-15	0	2.3071656782982286	25.691861706892944	-33.962410369785076	16.994744143042894	16.99473721185267	2.3048765526359642	33.962410369785076	0.019999999999999993	4.8	4.8	0.2	0.2	2.997725422294234
4.749492598748046	5.811954484210061e-13	0.23880409808797648	3.5882822690589035e-14	0.23880437455480658	7.91429734978342e-14	0.027555299890658715	5.8729449465539544e-15	0	2.3536466233228768	26.71900962954863	-36.00725785672636	18.01830838151241	18.018300908551424	2.3511683923697704	36.00725785672636	0.019999999999999993	4.9	4.9	0.2	0.2	2.997725422294234
4.698220956272916	4.2520631734392444e-13	0.23390973284791064	5.295006787662656e-14	0.23391002738844785	6.788264089126928e-14	0.027225210928565193	1.1122363960199574e-14	0	2.4001406721761285	27.767210187681975	-38.1345139197305	19.083139002672247	19.083130958699332	2.3974626261912197	38.1345139197305	0.019999999999999993	5.0	5.0	0.2	0.2	2.997725422294234
758.766725978459	2.3763003449851616e-06	63.58079208506797	1.9938600618252608e-07	63.580792084915394	2.0115121750076113e-07	5.334785877346009	1.6876619550987644e-08	0	0.33585553766235077	1.4074708986657833	-0.24711431424771918	0.12355746130527454	0.12355746137899824	0.3358555422494524	0.24711431424771918	0.019999999999999993	0.1	0.1	0.5	0.5	2.997725422294234
194.18291798291136	6.533910633898801e-08	16.246593455760195	5.4920993612610705e-09	16.24659345553827	5.885170326122848e-09	1.36636255629602	4.94509883752934e-10	0	0.34261010296893263	1.4344899799888684	-0.26541423118326174	0.13270836284242984	0.1327083629608136	0.34261011510792316	0.26541423118326174	0.019999999999999993	0.2	0.2	0.5	0.5	2.997725422294234
89.57764256217325	1.7572951708329421e-10	7.47676225526936	1.4881137799887386e-11	7.47676225527347	8.502511444267593e-12	0.6311761250010175	7.216818812175965e-13	0	0.35370307361897146	1.4787752878093625	-0.296127142715974	0.14806648913533535	0.14806648961065397	0.35370307801135753	0.296127142715974	0.019999999999999993	0.3	0.3	0.5	0.5	2.997725422294234
52.89115309718378	2.0372014637640534e-12	4.4012155874539385	1.41318304481416e-13	4.401215587545984	2.756593741344556e-13	0.373413424700034	2.1117756068002198e-14	0	0.36892582140834235	1.5394054709743303	-0.33956448081551155	0.16978769872876615	0.169787700218115	0.3689257734109245	0.33956448081551155	0.019999999999999993	0.4	0.4	0.5	0.5	2.997725422294234
35.82008684245071	1.8295689462746975e-11	2.9702055749901555	1.5725155697184277e-12	2.970205575197159	2.1663856913538276e-12	0.25354161428387645	1.850397987019518e-13	0	0.38804324701050413	1.6153791271746845	-0.3961506721537602	0.1980843960482896	0.1980843997375993	0.38804306276142625	0.3961506721537602	0.019999999999999993	0.5	0.5	0.5	0.5	2.997725422294234
26.44856583591323	7.875563751215928e-11	2.184709301651035	6.572099442891551e-12	2.1847093019984185	3.4867441670242403e-12	0.18780129706059565	2.936434525015445e-13	0	0.410819770836775	1.7057389212016174	-0.4664162444553904	0.2332220803624483	0.2332220881801128	0.4108193183270965	0.4664162444553904	0.019999999999999993	0.6	0.6	0.5	0.5	2.997725422294234
20.698130204228274	3.218785155010586e-10	1.702804271146563	2.879936788592979e-11	1.702804271658664	1.8319024350788457e-11	0.14752643416448807	1.6643889823968334e-12	0	0.43703209765937856	1.8096298271701816	-0.5509902664158256	0.27551556320269216	0.2755155779067164	0.4370311881262567	0.5509902664158256	0.019999999999999993	0.7	0.7	0.5	0.5	2.997725422294234
16.86865255351722	5.841695171489217e-11	1.3819738270336483	5.185567775930752e-12	1.3819738277204492	5.542337011138227e-12	0.12077094428536743	4.920252498574409e-13	0	0.46647141774602674	1.9263110397579555	-0.6505928141013833	0.32532520027246326	0.3253252257327865	0.46646979667788735	0.6505928141013833	0.019999999999999993	0.8	0.8	0.5	0.5	2.997725422294234
14.149848966070047	6.757800026016524e-12	1.1543057988327747	5.994850347935722e-13	1.1543057997189432	7.750570017016633e-13	0.10184492804841651	6.832889539150497e-14	0	0.4989393849021839	2.0551466890870342	-0.7660294706320724	0.3830541413985301	0.3830541826059967	0.4989367219289069	0.7660294706320724	0.019999999999999993	0.9	0.9	0.5	0.5	2.997725422294234
12.115495179076378	3.409010357952664e-12	0.9840822870007608	2.904825049184773e-13	0.984082288103675	2.5666617247485874e-13	0.08775879458189834	2.2150522276297235e-14	0	0.5342410481576658	2.1955931039311087	-0.8981898885264987	0.4491476125358789	0.4491476758750374	0.534236924713095	0.8981898885264987	0.019999999999999993	1.0	1.0	0.5	0.5	2.997725422294234
10.523387802672167	1.3982095042817412e-12	0.8510033544215462	2.1740069966356714e-13	0.851003355756823	6.246927408694767e-14	0.07681681035770163	2.812893532527913e-15	0	0.5721763273391216	2.347193427741004	-1.0480518679663933	0.524094956875913	0.524095050221253	0.572170219709237	1.0480518679663933	0.019999999999999993	1.1	1.1	0.5	0.5	2.997725422294234
9.226908946020023	9.120438834891244e-13	0.7427653751915099	6.805682668746492e-14	0.7427653767774216	1.350461526869471e-13	0.06799516317817159	1.3724617186695454e-14	0	0.6125306085390023	2.509588681328025	-1.2166919312999591	0.6084349251289203	0.6084350580581585	0.6125218608114775	1.2166919312999591	0.019999999999999993	1.2	1.2	0.5	0.5	2.997725422294234
8.132509333991166	3.476854031018943e-12	0.6514830860414018	2.9196655912327567e-13	0.6514830878944925	4.055285288988569e-13	0.06064240470397584	3.6024980186983556e-14	0	0.6550646781788791	2.6825587113819633	-1.4053030958303157	0.7027645662862232	0.7027647503912638	0.6550524531191873	1.4053030958303157	0.019999999999999993	1.3	1.3	0.5	0.5	2.997725422294234
7.17804935816974	2.1125049583425595e-13	0.5718473395221447	2.7228436887545087e-14	0.5718473416644749	5.072413288257149e-14	0.05432531890011056	4.595211118157886e-15	0	0.6995043716675415	2.866118479623421	-1.6152201819796754	0.807751887872481	0.8077521368170347	0.6994875569048549	1.6152201819796754	0.019999999999999993	1.4	1.4	0.5	0.5	2.997725422294234
6.321665664629777	1.7537949145067323e-13	0.5001392909705188	2.6791399530773633e-14	0.5001392934315987	2.713128496089753e-14	0.048745851481660066	3.8464711747110104e-15	0	0.7455307779296279	3.0607200018818297	-1.847952281308646	0.9241520986167353	0.9241524273796279	0.7455078205679189	1.847952281308646	0.019999999999999993	1.5	1.5	0.5	0.5	2.997725422294234
5.536977231206669	8.439563451382262e-13	0.4337270109520345	8.053397254397622e-14	0.433727013773635	1.506146757756464e-13	0.04369570747598252	1.550407340019384e-14	0	0.7927719675989294	3.2676593202825837	-2.105221456874572	1.052826970725371	1.0528273918697566	0.7927406790877772	2.105221456874572	0.019999999999999993	1.6	1.6	0.5	0.5	2.997725422294234
4.813731731454447	1.503613694458855e-13	0.37094331181861906	1.6944963977158467e-14	0.3709433150560235	6.511593252238082e-15	0.03903390238327565	2.7309326088270446e-16	0	0.8407951821801272	3.4898774691219288	-2.3890091355444496	1.1947680532256095	1.1947685665433136	0.8407529107868614	2.3890091355444496	0.019999999999999993	1.7	1.7	0.5	0.5	2.997725422294234
4.1653221677865995	4.682915235286073e-14	0.31154291335536816	2.362357368160767e-14	0.3115429170759143	2.5495065087855965e-15	0.03468805895659032	2.0083903880518627e-16	0	0.8890934535596957	3.7334164777754215	-2.701619280510146	1.3511282781043805	1.3511288580218581	0.8890386672454226	2.701619280510146	0.019999999999999993	1.8	1.8	0.5	0.5	2.997725422294234
3.64052643617099	1.428673366167515e-13	0.25825814131708813	4.450480013256005e-15	0.2582581455735103	3.87268941335963e-14	0.030716356442235408	2.021629572541284e-16	0	0.9370814353657194	4.008955062496501	-3.045726776436148	1.5232461598172893	1.5232467746684344	0.9370157563047252	3.045726776436148	0.019999999999999993	1.9	1.9	0.5	0.5	2.997725422294234
3.2978346171023047	5.751720636122447e-13	0.21746624948517612	6.885225808689178e-14	0.21746625418328816	5.64931137798402e-14	0.0274371325818987	3.033542540013813e-16	0	0.9842865147638948	4.327486281629952	-3.42400102448892	1.7124575594880769	1.7124582237427002	0.9842104668768434	3.42400102448892	0.019999999999999993	2.0	2.0	0.5	0.5	2.997725422294234
3.1106790064171714	1.2903368360078016e-13	0.191301537900201	5.6183149387366034e-14	0.191301542189179	1.647639613816932e-14	0.02513779371872402	8.151066940809411e-16	0	1.0308364125862985	4.68616329001727	-3.8379528743349525	1.9195190595335683	1.919519802676455	1.030746199154022	3.8379528743349525	0.019999999999999993	2.1	2.1	0.5	0.5	2.997725422294234
2.9982011351104076	1.0420933800380653e-12	0.17408205942884686	1.9856288256134932e-13	0.17408206168846932	2.381721912576134e-13	0.023589890408154623	1.0367068485078098e-14	0	1.0772082636255809	5.073388743834198	-4.2882679081342685	2.144774590084737	2.144775416929774	1.0771003723030599	4.2882679081342685	0.019999999999999993	2.2	2.2	0.5	0.5	2.997725422294234
2.917916424803099	4.8029180084366674e-14	0.16115204045368486	1.5928819202207765e-14	0.16115203982143858	5.5780788245376915e-15	0.022462231932750577	3.4523674968903235e-15	0	1.123625223362106	5.483816395731892	-4.776106511415588	2.3888055776972004	2.3888064839938314	1.1234968775588174	4.776106511415588	0.019999999999999993	2.3	2.3	0.5	0.5	2.997725422294234
2.8556906215067897	1.3913216258111383e-13	0.1506084301154777	1.1149207774804662e-14	0.1506084264418933	9.28526978454007e-15	0.021578262814695045	5.397792445530633e-15	0	1.1701164774664115	5.916585415681237	-5.303040167169994	2.652399116633653	2.652400097580215	1.169964861903001	5.303040167169994	0.019999999999999993	2.4	2.4	0.5	0.5	2.997725422294234
2.8058769768542544	2.0194326320905266e-14	0.1416795091706867	7.954533463982332e-15	0.1416795024161144	8.828882514667505e-15	0.020855276655345038	4.89136008327355e-16	0	1.2166647406465985	6.371796061430853	-5.87074866575074	2.9363965530177856	2.9363976037773143	1.2164868307438976	5.87074866575074	0.019999999999999993	2.5	2.5	0.5	0.5	2.997725422294234
2.765315294256241	3.497607142182662e-13	0.13396878792926492	2.120406639997019e-15	0.1339687780833381	3.930064283292997e-14	0.02024940334696695	3.836557038860638e-15	0	1.2632518504201666	6.849547763441624	-6.480919650814673	3.2416432479883555	3.241644363082096	1.26304439610464	6.480919650814673	0.019999999999999993	2.6	2.6	0.5	0.5	2.997725422294234
2.731874623160512	2.302772513140542e-14	0.1272236865329704	7.803977240307131e-15	0.1272236736437465	3.94908316290911e-15	0.019733615110240386	8.440376677439985e-16	0	1.3098659035075988	7.3498279498745855	-7.135230325230377	3.568979428550551	3.568980601423053	1.3096254181962097	7.135230325230377	0.019999999999999993	2.7	2.7	0.5	0.5	2.997725422294234
2.704019865186537	4.963272591272404e-15	0.12126311060808236	8.337215488299618e-15	0.1212630947916509	2.0831333669345726e-16	0.019289402649254717	8.17054440462622e-16	0	1.3565000045526063	7.872553520070713	-7.8353486665033865	3.919240795180746	3.919242018201614	1.356222751371672	7.8353486665033865	0.019999999999999993	2.8	2.8	0.5	0.5	2.997725422294234
2.6806175255775053	6.032595547928653e-15	0.11595011915186645	1.466741702207188e-14	0.11595010059055759	1.0470954913410732e-14	0.01890326675244476	2.030303678784526e-15	0	1.4031502203182062	8.417614027586447	-8.582937321410313	4.2932604694295975	4.293261733869174	1.4028321992946713	8.582937321410313	0.019999999999999993	2.9	2.9	0.5	0.5	2.997725422294234
2.6608169134589166	1.6451871415259198e-13	0.11117850589638495	7.565194191679406e-15	0.1111784848279669	3.070158168690952e-14	0.01856498909488904	5.182256081640186e-16	0	1.4498141626182222	8.984896468207419	-9.379656556292646	4.691870468406951	4.6918717645387895	1.4494510994959975	9.379656556292646	0.019999999999999993	3.0	3.0	0.5	0.5	2.997725422294234
2.643969126362594	2.8122579710781545e-14	0.106864591417418	1.8045750905069426e-14	0.10686456811842103	3.19705189938863e-15	0.018266645192363453	6.442358000739283e-17	0	1.4964902010692278	9.574296185689501	-10.227165952577483	5.115902550972118	5.115903868070501	1.496077537251403	10.227165952577483	0.019999999999999993	3.1	3.1	0.5	0.5	2.997725422294234
2.6295708483174574	2.794801427323061e-13	0.10294157720962882	1.8344376028996623e-14	0.10294155197908107	5.301071467421001e-15	0.01800197799238284	3.149354899262863e-16	0	1.5431770780806284	10.185720171918366	-11.127125220254623	5.566188621454147	5.566189947794127	1.5427099611945343	11.127125220254623	0.019999999999999993	3.2	3.2	0.5	0.5	2.997725422294234
2.617225393291565	4.662827051768904e-14	0.09935547980277276	1.3717552100692476e-14	0.09935545294920446	7.879090749859373e-15	0.017765973579455585	2.315961962918826e-15	0	1.5898737387303878	10.819086929908236	-12.081194512060895	6.043560882212966	6.043562205048362	1.589347013535255	12.081194512060895	0.019999999999999993	3.3	3.3	0.5	0.5	2.997725422294234
2.606615586622689	6.151826373415706e-13	0.09606215597437678	2.3831667548587316e-14	0.09606212780658925	1.554116253104407e-14	0.01755456252798795	6.688397872763824e-15	0	1.6365792616007744	11.47432512106894	-13.091034497560175	6.5488518643600155	6.548853169874163	1.6359874611361844	13.091034497560175	0.019999999999999993	3.4	3.4	0.5	0.5	2.997725422294234
2.5974846424563904	2.5147072353129374e-14	0.09302510930378795	7.596834408754006e-15	0.09302508012594558	2.1175882830888137e-14	0.01736440447071559	2.7446659748573152e-15	0	1.6832928312024256	12.151372005411698	-14.158306343367563	7.082894409535633	7.082895682812628	1.6826301682691769	14.158306343367563	0.019999999999999993	3.5	3.5	0.5	0.5	2.997725422294234
2.589622422522683	3.34305971108857e-15	0.09021385994093595	1.0611214349679575e-14	0.09021383004883482	1.6972159932528366e-14	0.017192729819223682	1.0399592951674e-15	0	1.7300137249757805	12.850172048489613	-15.284671670926711	7.646521638205428	7.646522863191372	1.7292740840555578	15.284671670926711	0.019999999999999993	3.6	3.6	0.5	0.5	2.997725422294234
2.5828553525733624	1.169807734904792e-13	0.08760272052630455	1.8419471249406045e-14	0.08760269020615949	4.2065412552679746e-14	0.017037221626653783	1.3790334180118404e-15	0	1.7767413042017361	13.5706757809263	-16.47179252129285	8.240566919025115	8.24056807848492	1.7759182340238147	16.47179252129285	0.019999999999999993	3.7	3.7	0.5	0.5	2.997725422294234
2.5770388740876258	2.982437342358969e-14	0.08516986584439695	4.892345703731327e-15	0.08516983537096665	1.912751712444999e-15	0.01689592611745548	6.515112505364327e-17	0	1.82347500558409	14.312838888652493	-17.721331335557906	8.86586384316889	8.86586491871959	1.8225617125595759	17.721331335557906	0.019999999999999993	3.8	3.8	0.5	0.5	2.997725422294234
2.5720516958716955	2.408450393852911e-13	0.08289661645561452	5.686220697104394e-14	0.08289658609292913	2.3519288989261217e-14	0.01676718399217125	2.911536133735785e-15	0	1.870214333003882	15.076621485255597	-19.034950951521363	9.52324620409585	9.523247176104423	1.8692036757758013	19.034950951521363	0.019999999999999993	3.9	3.9	0.5	0.5	2.997725422294234
2.567791353994214	9.216002446784707e-15	0.08076687994071054	1.6826578355699575e-14	0.08076684994140927	1.4257758512098504e-15	0.016649577002792997	6.417770943830358e-16	0	1.916958849674187	15.861987521261318	-20.41431461468586	10.213547981154159	10.213548828747635	1.9158433350790811	20.41431461468586	0.019999999999999993	4.0	4.0	0.5	0.5	2.997725422294234
2.564170742294097	1.5813523330305341e-13	0.07876670977901881	9.710254596194668e-15	0.0787666803841923	3.2424821301477645e-15	0.016541885910338356	1.1895559788911815e-15	0	1.9637081709864896	16.668904296332066	-21.861086001188514	10.937603326054681	10.93760402713035	1.9624799517363158	21.861086001188514	0.019999999999999993	4.1	4.1	0.5	0.5	2.997725422294234
2.561115374899498	2.4526882582533828e-14	0.07688395325133018	1.0010068514405015e-14	0.07688392469123703	1.5973462999825742e-14	0.016443057041095388	5.094252110825599e-15	0	2.0104619581706347	17.497342050408577	-23.376929251246224	11.696246551347146	11.696247082512249	2.009112832598869	23.376929251246224	0.019999999999999993	4.2	4.2	0.5	0.5	2.997725422294234
2.558561207869309	9.034533340924593e-13	0.07510796762485217	6.279654000852736e-14	0.07510794011900922	1.823756743494133e-15	0.016352175421393483	1.8105499940284971e-16	0	2.0572199127730806	18.34727361729823	-24.963509011886817	12.490312120238302	12.490312456791791	2.0557413270131084	24.963509011886817	0.019999999999999993	4.3	4.3	0.5	0.5	2.997725422294234
2.5564528924189953	8.512477417056804e-15	0.07342938935260836	1.8248175137775587e-15	0.07342936311004104	7.828484691682832e-16	0.016268443004849982	2.626452869480806e-16	0	2.103981771874918	19.218674128739607	-26.622490488117	13.320634637438676	13.320634753396144	2.102364824871143	26.622490488117	0.019999999999999993	4.4	4.4	0.5	0.5	2.997725422294234
2.5547423643189333	1.1596846939533458e-13	0.07183994489123657	2.1430851770909512e-14	0.07183992011187171	5.119460279241368e-15	0.01619116088503731	3.4629130869317815e-15	0	2.1507473039679414	20.1115207602437	-28.35553950196364	14.188048841169142	14.188048709176549	2.1489827557262307	28.35553950196364	0.019999999999999993	4.5	4.5	0.5	0.5	2.997725422294234
2.5533876970221763	1.2877490569084286e-14	0.07033229452070444	6.382032964517586e-15	0.0703322713948776	4.913908603113381e-15	0.016119714656765448	1.2998820078858013e-15	0	2.197516305381688	21.025792511791803	-30.164322558327907	15.093389595676888	15.093389187067984	2.195594588890068	30.164322558327907	0.019999999999999993	4.6	4.6	0.5	0.5	2.997725422294234
2.552352163241022	7.777460431509413e-14	0.06889990254558923	2.4997289487786972e-14	0.06889988125521616	9.416165179686257e-16	0.016053562287431128	7.194810406749206e-16	0	2.244288597180262	21.961470017846633	-32.05050691708825	16.03749188501871	16.03749116973153	2.2421998344334617	32.05050691708825	0.019999999999999993	4.7	4.7	0.5	0.5	2.997725422294234
2.5516034626869017	2.942611860626242e-14	0.06753692876580442	1.9523970873308992e-14	0.06753690948535279	3.267776014664626e-15	0.015992224007623183	4.900282805538885e-16	0	2.291064022456537	22.918535382134156	-34.01576067015629	17.02119080747156	17.021189754081192	2.288798045016568	34.01576067015629	0.019999999999999993	4.8	4.8	0.5	0.5	2.997725422294234
2.5511130829195783	9.111438626904949e-14	0.06623813722601113	1.0758286491648007e-14	0.06623812012267184	1.213279787553988e-14	0.01593527383651934	2.296129115463072e-16	0	2.3378424439632797	23.89697203353031	-36.06175282224031	18.04532157118451	18.04532014687879	2.335388818478644	36.06175282224031	0.019999999999999993	4.9	4.9	0.5	0.5	2.997725422294234
2.550855767234662	8.468616754355565e-15	0.06499881908891243	8.318158201483588e-15	0.06499880432261584	1.1269330864831231e-14	0.015882332439224538	4.930284505873784e-16	0	2.38462374203214	24.896764599897274	-38.19015337381209	19.11071949091325	19.110717661443005	2.3819718011190565	38.19015337381209	0.019999999999999993	5.0	5.0	0.5	0.5	2.997725422294234
