SigmaEL	SigmaET	SigmaAlphaL	SigmaAlphaT	SigmaAlphaBarL	SigmaAlphaBarT	SigmaKappaL	SigmaKappaT	basis_angle	rhoH	S	Ttt	Txx	Tyy	rho	EInternal	T	Ax	Ay	Gx	Gy	mu
281733.21864521113	0.00011551418370081479	1029.4565788348327	4.2209179466498274e-07	1029.4565788299856	4.2016552252100186e-07	3.761660106938535	1.5352955992939568e-09	0	0.29080557456411016	1.062606815143848	-0.19461479570213505	0.0973082696592652	0.09730826966869542	0.2908056133847286	0.19461479570213505	0.000999999999999994	0.01	0.01	0.1	0.1	3.4390600442094232
280719.0412951738	0.0006866754084169063	1232.6883301904313	3.0153269563619064e-06	1232.688330186963	3.0216294782235464e-06	5.412977777978577	1.3268570253117864e-08	0	0.2912278049942535	1.0656947122117877	-0.1950404567211404	0.09752110026845216	0.09752110022526392	0.2912278358859599	0.1950404567211404	0.0011999999999999962	0.01	0.01	0.1	0.1	3.434073610135725
280607.5978047035	0.00018995710303302692	1439.6528508034082	9.7457520562479e-07	1439.6528508028075	9.738311047114457e-07	7.386142546457824	4.996241509158098e-09	0	0.2916506391363562	1.0687915259983287	-0.19546735422812025	0.09773454911358358	0.09773454911548624	0.2916506660191964	0.19546735422812025	0.0014000000000000089	0.01	0.01	0.1	0.1	3.429094468948998
280675.69605753745	0.0001136981685120213	1648.1064138338425	6.67629402661191e-07	1648.1064138358	6.681385394060687e-07	9.677590425955296	3.92327286243976e-09	0	0.29207407987812084	1.071897288677249	-0.19589549224804897	0.09794861812155774	0.0979486181434112	0.29207410384103993	0.19589549224804897	0.0016000000000000105	0.01	0.01	0.1	0.1	3.424122620349848
280805.60669547244	1.5744817300187994e-05	1857.6712696356872	1.0416033726427028e-07	1857.671269633566	1.0343521684280632e-07	12.289479815538366	6.842787940057848e-10	0	0.2924981277130532	1.0750120218656836	-0.1963248745885287	0.0981633093611043	0.09816330936843637	0.2924981493353063	0.1963248745885287	0.0018000000000000032	0.01	0.01	0.1	0.1	3.4191580639928443
280960.6500725853	0.0057351392678879455	2068.2174230685087	4.22178435604459e-05	2068.2174238976404	4.174836917631853e-05	15.224689060450746	3.0732053046600597e-07	0	0.2929227828041727	1.0781357456776173	-0.1967555044100895	0.0983786243500944	0.09837862434005078	0.2929228024730007	0.1967555044100895	0.0019999999999999944	0.01	0.01	0.1	0.1	3.4142007994865335
281768.2833381073	3.379411219578253e-05	3133.894671601297	3.7586747746195604e-07	3133.894671600221	3.73954166642386e-07	34.85605460149473	4.159221776012808e-09	0	0.2950551682446557	1.0938899074013648	-0.19892749506541466	0.09946462012215708	0.0994646201556325	0.29505518143197035	0.19892749506541466	0.003000000000000009	0.01	0.01	0.1	0.1	3.389523837794453
282389.27056991763	0.0006169015593754191	4218.218374137439	9.21506888299583e-06	4218.218374127607	9.201869667974257e-06	63.01028798590868	1.3745445587757028e-07	0	0.2972027349167075	1.1098717430512652	-0.2011312214268152	0.10056648353668424	0.1005664835228052	0.2972027444455105	0.2011312214268152	0.003999999999999995	0.01	0.01	0.1	0.1	3.365029087213313
282728.474331046	0.00010503668036153052	5317.525855961561	1.9755214734291995e-06	5317.525855954714	1.968785638708574e-06	100.01179155585713	3.7028764291498796e-08	0	0.2993654759322877	1.1260836540803296	-0.2033671409646111	0.10168444357666526	0.10168444360120207	0.2993654831367857	0.2033671409646111	0.004999999999999994	0.01	0.01	0.1	0.1	3.3407164471347164
282753.8500685996	0.00032841249369264486	6428.034337227247	7.466050324318026e-06	6428.0343372378065	7.4565418941462345e-06	146.1333649955618	1.6951521684179747e-07	0	0.3015433811261529	1.142528035738637	-0.2056357161548228	0.10281873138377803	0.10281873142055334	0.3015433867422344	0.2056357161548228	0.005999999999999992	0.01	0.01	0.1	0.1	3.3165857883409826
282173.1137162859	0.0002098789441425865	8106.1740875958885	6.029356730245157e-06	8106.1740876034755	6.031431320831228e-06	232.87226181585686	1.73269635641479e-07	0	0.3048386429559473	1.1676357198645444	-0.2091008323900236	0.1045512898034329	0.1045512898111817	0.3048386469734133	0.2091008323900236	0.007499999999999994	0.01	0.01	0.1	0.1	3.2807306622703085
279526.60237186146	0.00019188085137967044	10902.432912529795	7.483992092460668e-06	10902.432912513308	7.468636423255928e-06	425.2313291298261	2.9130170143903194e-07	0	0.31040634964307023	1.2106780237624757	-0.2150459932705265	0.10752387107880904	0.1075238711263468	0.3104063520889213	0.2150459932705265	0.009999999999999995	0.01	0.01	0.1	0.1	3.2218793866476236
274844.5266153847	0.0003637554928170658	13644.208576300514	1.8058107075027178e-05	13644.208576286615	1.80724163640151e-05	677.3469616994187	8.971785463995724e-07	0	0.3160682723745901	1.255247682135187	-0.22121016869734994	0.1106059591235396	0.11060595915088113	0.31606827392087233	0.22121016869734994	0.012499999999999995	0.01	0.01	0.1	0.1	3.1641587252811654
268308.6616221686	0.00035150857701309084	16274.789094104806	2.1321523831698654e-05	16274.789094054368	2.1359018201760195e-05	987.182991710166	1.2955780195347166e-06	0	0.3218239968767032	1.3013815677640932	-0.2276010868577489	0.11380141885737917	0.11380141885917515	0.3218239978604609	0.2276010868577489	0.015000000000000003	0.01	0.01	0.10000000000000002	0.10000000000000002	3.1075637029740606
260187.27935880297	0.0008230151258819353	18747.200615156667	5.9300673275224964e-05	18747.200615195088	5.9256289557375205e-05	1350.7919473865284	4.269591043722006e-06	0	0.32767302064079096	1.3491162535332737	-0.23422666094079414	0.11711420619015007	0.117114206227818	0.32767302125224057	0.23422666094079414	0.0175	0.01	0.01	0.1	0.1	3.052088288289314
250800.00093347504	2.501470640978638e-06	21026.88996240572	2.097171801981624e-07	21026.889962410143	2.340813558640688e-07	1762.8862155043032	1.9624979064305496e-08	0	0.3336147554361447	1.3984879572790043	-0.24109498559672554	0.12054836898298305	0.1205483689729465	0.33361475579170197	0.24109498559672554	0.019999999999999997	0.01	0.01	0.1	0.1	2.997725422294234
131245.91892894002	0.0004796622598174217	33958.840917583635	0.00012410930769731786	33958.840917416725	0.00012409618565293806	8786.647807071078	3.2109022408092824e-05	0	0.4118304232583401	2.131126432914345	-0.3456341046664945	0.17281792973736293	0.17281792987417513	0.4118304230067618	0.3456341046664945	0.05	0.01	0.01	0.1	0.1	2.428350958106928
105635.5380643812	0.00012848348863225972	385.99311546537916	4.694842959834528e-07	385.9931154666444	4.679557041821724e-07	1.4104353360871078	1.7099304522614498e-09	0	0.2908040998748411	1.0626021325446156	-0.1946143944417868	0.09730799797980352	0.09730799797405522	0.29080416804520764	0.1946143944417868	0.000999999999999994	0.01	0.01	0.2	0.2	3.4390600442094232
102903.68297014633	6.696851188471443e-05	451.8683725453868	2.940735247526759e-07	451.8683725452769	2.9530006641685576e-07	1.9842536679231664	1.2967277761117827e-09	0	0.2912263537409656	1.065690199705809	-0.1950400571894597	0.09752082954801453	0.09752082950194883	0.2912263937159917	0.1950400571894597	0.0011999999999999962	0.01	0.01	0.2	0.2	3.434073610135725
101859.90012765847	0.00014002310948584367	522.5901723786811	7.183923074665698e-07	522.5901723788463	7.185884387236149e-07	2.6811647087006993	3.686737543411289e-09	0	0.2916491963673887	1.0687870951274274	-0.1954669557051004	0.09773427901842573	0.0977342789923343	0.29164922635793605	0.1954669557051004	0.0014000000000000089	0.01	0.01	0.2	0.2	3.429094468948998
101283.87558588297	2.0488522106551285e-05	594.7307498873105	1.2030827186073315e-07	594.7307498938857	1.2282572285634614e-07	3.492245484239445	7.212303163810459e-10	0	0.29207264193023497	1.0718929151802932	-0.1958950945411102	0.09794834852375384	0.09794834853766554	0.29207266648606256	0.1958950945411102	0.0016000000000000105	0.01	0.01	0.2	0.2	3.424122620349848
100907.33560629372	1.1021605963676084e-05	667.5525631498007	7.291417474307966e-08	667.5525631300595	7.362132016720232e-08	4.416238305713399	4.870467207668097e-10	0	0.292496693203788	1.0750076959021355	-0.196324477605999	0.09816304022174398	0.09816304022610756	0.29249671419037354	0.196324477605999	0.0018000000000000032	0.01	0.01	0.2	0.2	3.4191580639928443
100636.78155485564	0.0001484904991411895	740.8103917973853	1.0930829750492204e-06	740.8103917975949	1.0933272828245769e-06	5.453329105861694	8.04830954187472e-09	0	0.2929213510877232	1.0781314623443277	-0.19675510812045155	0.09837835566450374	0.0983783556463832	0.29292136947957936	0.19675510812045155	0.0019999999999999944	0.01	0.01	0.2	0.2	3.4142007994865335
99936.00479051826	0.001979348024924323	1111.511247912499	2.201498798331335e-05	1111.5112479128766	2.201241164703205e-05	12.362607646304756	2.4482959194119183e-07	0	0.2950537473735639	1.0938858103929303	-0.1989271020379324	0.09946435354791107	0.09946435356035982	0.29505375870076395	0.1989271020379324	0.003000000000000009	0.01	0.01	0.2	0.2	3.389523837794453
99654.92687578217	0.0006517384223801024	1488.6040032119754	9.73549702609701e-06	1488.6040032113153	9.730869826803138e-06	22.236372896494103	1.4535716855130148e-07	0	0.2972013234679722	1.1098678168893992	-0.20113083161951412	0.10056621905378793	0.10056621903055084	0.29720133142467703	0.20113083161951412	0.003999999999999995	0.01	0.01	0.2	0.2	3.365029087213313
99539.40605180223	0.0006178769584165157	1872.1239507636144	1.1621074898513275e-05	1872.1239507533262	1.1624200254872456e-05	35.21101277804801	2.186287805388691e-07	0	0.29936407343107685	1.126079892008606	-0.2033667543981808	0.10168418120262902	0.10168418121098632	0.2993640793806419	0.2033667543981808	0.004999999999999994	0.01	0.01	0.2	0.2	3.3407164471347164
99510.81066673805	0.00038286572275696764	2262.2436333651194	8.704021194211023e-06	2262.2436333645473	8.703392308120598e-06	51.42956481398675	1.9786182700143877e-07	0	0.3015419872200976	1.1425244327951476	-0.20563533288436586	0.10281847113193204	0.10281847115372036	0.3015419918416676	0.20563533288436586	0.005999999999999992	0.01	0.01	0.2	0.2	3.3165857883409826
99555.16023018344	0.00010091014236344182	2859.9830477982955	2.898937558458996e-06	2859.983047794646	2.9019356525164807e-06	82.16133826901897	8.336655361081368e-08	0	0.3048372613218204	1.1676323475380177	-0.20910045416024745	0.10455103279096542	0.10455103277825993	0.304837264634118	0.20910045416024745	0.007499999999999994	0.01	0.01	0.2	0.2	3.2807306622703085
99723.45533116533	7.78254499757033e-05	3889.5278810164186	3.0354674230146614e-06	3889.527881015088	3.0344293185608997e-06	151.70532142711625	1.1835346379368582e-07	0	0.3104049868394346	1.210675015907526	-0.2150456236447926	0.10752361955119727	0.10752361959064323	0.3104049888822621	0.2150456236447926	0.009999999999999995	0.01	0.01	0.2	0.2	3.2218793866476236
99894.7426902596	0.0003842048250567412	4959.10268030692	1.9073376690962374e-05	4959.102680304919	1.9063926919690078e-05	246.18858735145577	9.464052230035259e-07	0	0.3160669264444808	1.2552450149078664	-0.22120980793469697	0.11060571321031344	0.11060571321639004	0.3160669277626338	0.22120980793469697	0.012499999999999995	0.01	0.01	0.2	0.2	3.1641587252811654
99996.83316283923	3.410590921074474e-07	6065.492368058844	2.068670133494122e-08	6065.4923680312095	3.7408494449352395e-09	367.9173072577983	2.2690851248887702e-10	0	0.3218226659866981	1.3013792178114674	-0.22760073515484106	0.11380117864473227	0.11380117863870455	0.3218226668487959	0.22760073515484106	0.015000000000000003	0.01	0.01	0.20000000000000004	0.20000000000000004	3.1075637029740606
99987.03333509897	0.0005768676803842184	7204.322132248076	4.1565206775569336e-05	7204.322132244439	4.160890308852941e-05	519.0950742412851	2.9980577211937118e-06	0	0.32767170310665145	1.3491141977769057	-0.23422631848503284	0.11711397175296324	0.11711397175504795	0.3276717036634372	0.23422631848503284	0.0175	0.01	0.01	0.2	0.2	3.052088288289314
99837.9087317764	0.00021990745996632027	8370.318843933599	1.843702210738077e-05	8370.318843927258	1.8408655802397895e-05	701.7668962053954	1.5433800924840094e-06	0	0.3336134497348092	1.398486172883464	-0.2410946524598939	0.120548140343335	0.12054814033078133	0.33361345007860826	0.2410946524598939	0.019999999999999997	0.01	0.01	0.2	0.2	2.997725422294234
200773.70189744825	0.00035239439409215937	733.6290897822367	1.2876591381914743e-06	733.6290897876497	1.286488429631667e-06	2.680701292051127	4.700865282492276e-09	0	0.2907968870514953	1.0625766144142843	-0.1946122006368128	0.09730667353033157	0.09730667338980613	0.2907969692354811	0.1946122006368128	0.000999999999999994	0.01	0.01	0.4	0.4	3.4390600442094232
182192.38454601157	0.0007065548815201813	800.0393066913167	3.1026252981727263e-06	800.0393066929054	3.1033390565970238e-06	3.5131347942551	1.3627389360838607e-08	0	0.2912191576654525	1.0656648307269423	-0.1950378651024494	0.09751950618393944	0.09751950600038213	0.2912192056310768	0.1950378651024494	0.0011999999999999962	0.01	0.01	0.4	0.4	3.434073610135725
171001.98935882762	0.0003752932168413	877.3223387264425	1.9254409112838773e-06	877.3223387287985	1.923383817450032e-06	4.501111303098691	9.867921435573092e-09	0	0.29164201672270984	1.0687618769559877	-0.19546476572622776	0.0977329569172653	0.0977329567723709	0.2916420491767628	0.19546476572622776	0.0014000000000000089	0.01	0.01	0.4	0.4	3.429094468948998
163132.96905236633	0.0004435167717091656	957.9036568433568	2.604310439632723e-06	957.9036568362241	2.612950096646444e-06	5.62476761075888	1.5343126629252923e-08	0	0.2920654761720983	1.071867830082496	-0.19589290670403575	0.09794702773094133	0.0979470276066225	0.2920655001486175	0.19589290670403575	0.0016000000000000105	0.01	0.01	0.4	0.4	3.424122620349848
157090.04292899312	0.0003145968666788655	1039.2292900487726	2.08122901711928e-06	1039.2292900459197	2.072669250383653e-06	6.875065868238645	1.371182955131583e-08	0	0.2924895398761274	1.0749827309905569	-0.19632229193633555	0.09816172073729172	0.0981617205968064	0.29248955863357845	0.19632229193633555	0.0018000000000000032	0.01	0.01	0.4	0.4	3.4191580639928443
152187.15428238772	0.0050935564982310215	1120.2844338815974	3.7495066063348876e-05	1120.2844338616624	3.7539437368651645e-05	8.246724011929942	2.7633807117429533e-07	0	0.2929142093838533	1.0781066088015705	-0.19675292462090235	0.0983770374825186	0.0983770373297662	0.29291422465242306	0.19675292462090235	0.0019999999999999944	0.01	0.01	0.4	0.4	3.4142007994865335
136024.15983088338	5.344721198267552e-05	1512.8917785666656	5.944564838543174e-07	1512.8917785669892	6.123879621545996e-07	16.826851666787178	6.8111691623395056e-09	0	0.29504665949912784	1.0938614461179372	-0.19892492964396244	0.09946304207312028	0.0994630419554511	0.2950466670022647	0.19892492964396244	0.003000000000000009	0.01	0.01	0.4	0.4	3.389523837794453
126115.96070844565	3.667300121671372	1883.8674970221066	0.05478102999865838	1883.8674961492472	0.05477787488794875	28.140648221902946	0.0008182554775720305	0	0.2971942875018049	1.109843890312676	-0.201128670876932	0.10056491455333763	0.10056491442813288	0.2971942922250112	0.201128670876932	0.003999999999999995	0.01	0.01	0.4	0.4	3.365029087213313
118999.0776396847	0.0033404240241161685	2238.118124024328	6.282678831479331e-05	2238.1181241185764	6.289574319145429e-05	42.09456855816367	1.1829449110328156e-06	0	0.299357088826238	1.1260563791319402	-0.20336460589468253	0.10168288399100936	0.10168288386696447	0.2993570921424769	0.20336460589468253	0.004999999999999994	0.01	0.01	0.4	0.4	3.3407164471347164
113488.01815519865	0.0030804828376052307	2579.995441146511	7.00311994908221e-05	2579.995441146219	6.997560775069128e-05	58.653197386187784	1.5908141662604211e-06	0	0.3015350535721353	1.1425013188259592	-0.2056331971384734	0.10281718147803	0.10281718137112204	0.3015350560472969	0.2056331971384734	0.005999999999999992	0.01	0.01	0.4	0.4	3.3165857883409826
107077.37275721594	0.0006630417098481471	3076.076614652823	1.9047766563828197e-05	3076.076614651493	1.904230407631508e-05	88.36914340700457	5.470446263881974e-07	0	0.3048304033304208	1.167609812979166	-0.20909833856330165	0.1045497549725532	0.10454975483064728	0.3048304050398297	0.20909833856330165	0.007499999999999994	0.01	0.01	0.4	0.4	3.2807306622703085
99327.16750542252	0.00013766916766627096	3874.0683714436573	5.3695583326029895e-06	3874.0683714607812	5.390982857745718e-06	151.10223342480592	2.1026642158908614e-07	0	0.310398252665214	1.2106534114972938	-0.21504354400781506	0.10752236268113764	0.1075223626202507	0.3103982536863952	0.21504354400781506	0.009999999999999995	0.01	0.01	0.4	0.4	3.2218793866476236
93709.85594001831	0.0017997923382146253	4652.05989054026	8.934845046471971e-05	4652.059890544338	8.935681206800163e-05	230.94574156983387	4.4360076664058194e-06	0	0.3160603130041646	1.2552243068327695	-0.2212077669636464	0.11060447871368556	0.11060447861263813	0.3160603136526859	0.2212077669636464	0.012499999999999995	0.01	0.01	0.4	0.4	3.1641587252811654
89379.85420815674	0.00016985939190761448	5421.493163640088	1.0303237620466651e-05	5421.4931636346755	1.0333615252602079e-05	328.85393739003837	6.268107578946771e-07	0	0.3218161700335054	1.30135937692686	-0.22759873526720234	0.11379996771654158	0.11379996759757058	0.32181617045251576	0.22759873526720234	0.015000000000000003	0.01	0.01	0.4000000000000001	0.4000000000000001	3.1075637029740606
85904.98017823043	0.0017774843797359395	6189.664954973383	0.00012807364273100544	6189.66495481271	0.00012831668327580438	445.985764313601	9.245642136849452e-06	0	0.32766532130725284	1.3490951961510247	-0.2342243617818308	0.11711278548446125	0.11711278538072455	0.327665321573032	0.2342243617818308	0.0175	0.01	0.01	0.4	0.4	3.052088288289314
83034.6466635654	0.009478171895193049	6961.536899052288	0.0007946492475480848	6961.536898994397	0.000794682880847338	583.6549151917047	6.662615252231719e-05	0	0.3336071787214305	1.3984679823250006	-0.2410927408268627	0.12054697965950567	0.12054697955622075	0.3336071788792449	0.2410927408268627	0.019999999999999997	0.01	0.01	0.4	0.4	2.997725422294234
3123489.131206098	0.34443469711930963	11413.270009361675	0.001258569281148093	11413.2700099345	0.0012625072736515688	41.70425077390558	4.6132195290204255e-06	0	0.2907888370667546	1.062546371879194	-0.19461241058135495	0.09730657411846308	0.09730657381811292	0.29078885424378553	0.19461241058135495	0.000999999999999994	0.01	0.01	0.6	0.6	3.4390600442094232
2604536.568137815	0.12185856602249708	11436.995456295224	0.0005351034109303127	11436.99546055542	0.0005306899202775436	50.22195385474058	2.3303571971984008e-06	0	0.2912110780084123	1.065634366430488	-0.19503806586068692	0.09751940213987448	0.0975194018173074	0.29121109072059265	0.19503806586068692	0.0011999999999999962	0.01	0.01	0.6	0.6	3.434073610135725
2259716.858254597	2.7934030959081486	11593.443426855949	0.014331518719849059	11593.443426645958	0.014335682946441934	59.48001382487978	7.354903741414894e-05	0	0.29163392506505703	1.0687312879263535	-0.19546495785831972	0.09773284854841148	0.09773284824582006	0.2916339349430416	0.19546495785831972	0.0014000000000000089	0.01	0.01	0.6	0.6	3.429094468948998
2010485.6545125928	0.6559987944485126	11805.421031485359	0.003851977745064583	11805.421030231897	0.0038521553024071548	69.32058168314546	2.261957879413707e-05	0	0.2920573789423028	1.0718371585609905	-0.1958930904636713	0.09794691517023517	0.09794691487921944	0.2920573868904827	0.1958930904636713	0.0016000000000000105	0.01	0.01	0.6	0.6	3.424122620349848
1819857.2233355085	0.7235437470417162	12039.27857984449	0.004786611497210279	12039.278577709192	0.004832172383487677	79.64597798377163	3.196728872495186e-05	0	0.29248143997314296	1.0749519991383811	-0.19632246749197294	0.09816160404705004	0.09816160376276424	0.2924814465361074	0.19632246749197294	0.0018000000000000032	0.01	0.01	0.6	0.6	3.4191580639928443
1668085.9700948584	0.1643878844271235	12279.174688584168	0.0012100987479765608	12279.17469156873	0.0012113638396979267	90.38995840892818	8.91714050676528e-06	0	0.29290610832071073	1.0780758297931277	-0.19675309209435254	0.09837691674154547	0.09837691643317406	0.29290611384795023	0.19675309209435254	0.0019999999999999944	0.01	0.01	0.6	0.6	3.4142007994865335
1204828.4277219314	2.248532252619931	13400.393131928144	0.025008740215561973	13400.393134756934	0.02501947411411127	149.04253671225402	0.00027827287249745344	0	0.2950385611775721	1.0938305208869097	-0.19892505777267566	0.09946290159929554	0.0994629013291959	0.2950385639841497	0.19892505777267566	0.003000000000000009	0.01	0.01	0.5999999999999999	0.5999999999999999	3.389523837794453
959107.7819334584	0.7371259079782141	14326.77074255776	0.011010904788612752	14326.770742786743	0.011009299421213302	214.0078287210023	0.00016445270306361814	0	0.29718619695612025	1.1098128823604068	-0.201128761007358	0.10056475505827908	0.1005647547605022	0.2971861986286605	0.201128761007358	0.003999999999999995	0.01	0.01	0.6	0.6	3.365029087213313
802603.6711501223	0.07403893371601751	15095.281395561758	0.0013925178364927212	15095.281399591688	0.0013916212787571357	283.91074271608977	2.6173492169808504e-05	0	0.2993490082625182	1.1260253181587123	-0.20336465915249247	0.10168270603522696	0.10168270575630006	0.2993490093368177	0.20336465915249247	0.004999999999999994	0.01	0.01	0.6	0.6	3.3407164471347164
692756.9185097212	0.153849274428151	15748.910734846873	0.003497564474409882	15748.910734937195	0.003498127573430377	358.03113724288966	7.952541064765193e-05	0	0.3015269845714528	1.1424702245044351	-0.20563321463467246	0.10281698562727293	0.10281698538686633	0.3015269852867604	0.20563321463467246	0.005999999999999992	0.01	0.01	0.6	0.6	3.3165857883409826
577048.2260208224	0.003106333088747721	16577.2450138688	8.923783461989098e-05	16577.245013878142	8.879634801423799e-05	476.2262772585749	2.5509156913441582e-06	0	0.3048223541461396	1.1675786963964974	-0.2090983043070548	0.10454953332558548	0.10454953304146593	0.304822354540132	0.2090983043070548	0.007499999999999994	0.01	0.01	0.6	0.6	3.2807306622703085
453665.3974801522	0.056802853597054774	17694.398629745632	0.0022154975312802926	17694.398629602667	0.0022155321636647693	690.1395494233293	8.641301938879187e-05	0	0.3103902422434683	1.2106223158760172	-0.21504342863432366	0.10752210066856906	0.1075221004512306	0.3103902423619032	0.21504342863432366	0.009999999999999995	0.01	0.01	0.6	0.6	3.2218793866476236
374899.6041332973	0.013379190995233159	18611.27070419772	0.0006641887344646031	18611.2707042488	0.0006641426365995327	923.9282126097727	3.2970316464541134e-05	0	0.3160523477066241	1.255193291607014	-0.2212075767336043	0.1106041795590594	0.11060417931559616	0.3160523476871098	0.2212075767336043	0.012499999999999995	0.01	0.01	0.6	0.6	3.1641587252811654
319976.9976892953	0.05267993258433072	19408.819769969872	0.0031954125791833613	19408.81976996186	0.0031955381159990853	1177.282944923185	0.00019383211414538556	0	0.32180825555878806	1.3013284928888773	-0.22759847628970875	0.11379963461935848	0.11379963436647796	0.3218082554615634	0.22759847628970875	0.015000000000000003	0.01	0.01	0.6	0.6	3.1075637029740606
279411.0765255999	0.4630425998040152	20132.30848051649	0.033363565344477215	20132.308481704233	0.03335493246986427	1450.591366712662	0.002403319833015281	0	0.3276574628055984	1.3490644882737397	-0.23422404009641856	0.11711242155897313	0.11711242135286465	0.32765746266132983	0.23422404009641856	0.0175	0.01	0.01	0.6	0.6	3.052088288289314
248205.89739141797	0.005708186994047593	20809.377602124754	0.0004785713794958231	20809.377599752763	0.00047778751926725693	1744.6480737980853	4.0057454927621805e-05	0	0.3335993808493613	1.3984374909543626	-0.2410923623436084	0.12054658799076155	0.120546587758443	0.33359938067532896	0.2410923623436084	0.019999999999999997	0.01	0.01	0.6	0.6	2.997725422294234
12954919880.543526	240630497.1221824	47337446.87558112	879266.987374564	47337447.80734304	879268.0925405662	172971.65413921894	3212.857123551424	0	0.2907813594072011	1.062518894827055	-0.19462417424740144	0.09731226261387273	0.09731226215050286	0.2907813602130384	0.19462417424740144	0.000999999999999994	0.01	0.01	1.0	1.0	3.4390600442094232
8690689286.313772	4303751.47522583	38162404.04575147	18898.5588275048	38162403.87329043	18899.110932929587	167578.08594431632	82.9894481150932	0	0.2912035882434384	1.0656067879901736	-0.19504981922025647	0.09752508532983573	0.09752508482382062	0.2912035888530818	0.19504981922025647	0.0011999999999999962	0.01	0.01	1.0	1.0	3.434073610135725
6316976793.782941	15806840.868741602	32409156.07290297	81096.76345697884	32409156.000823583	81096.512517303	166274.69586745484	416.06445888961423	0	0.2916264247925213	1.068703615852432	-0.19547670086574992	0.09773852637707804	0.09773852590807036	0.2916264252425499	0.19547670086574992	0.0014000000000000089	0.01	0.01	1.0	1.0	3.429094468948998
4765633428.5840025	17468723.07413812	27983443.8446116	102575.0382631054	27983443.860384885	102575.13188031767	164316.69404394572	602.3135195866827	0	0.2920498690382923	1.0718093976479899	-0.19590482306760054	0.09795258761822356	0.09795258717022767	0.29204986935668104	0.19590482306760054	0.0016000000000000105	0.01	0.01	1.0	1.0	3.424122620349848
3723143842.682336	2048286.30711358	24630486.73627446	13550.45382739604	24630486.743066046	13550.45043215376	162943.1745937989	89.6431091120689	0	0.2924739209582998	1.0749241525960247	-0.19633418964722368	0.09816727111124228	0.09816727064041478	0.2924739211668216	0.19633418964722368	0.0018000000000000032	0.01	0.01	1.0	1.0	3.4191580639928443
2975946590.5062785	89391.76524249717	21906647.452243004	658.033949238443	21906647.50948762	657.9509521033112	161260.01909547654	4.843332740914665	0	0.2928985805245844	1.0780478999054492	-0.19676480373585534	0.09838257835843964	0.0983825778816986	0.2928985806404608	0.19676480373585534	0.0019999999999999944	0.01	0.01	1.0	1.0	3.4142007994865335
1246293268.4888525	3603126.948397431	13861577.412800813	40074.855915649525	13861577.491284152	40074.655709300096	154171.84259217014	445.72008603092416	0	0.29503099173779423	1.0938021937366154	-0.1989367160440998	0.09946853565225668	0.0994685352207272	0.2950309915534019	0.1989367160440998	0.003000000000000009	0.01	0.01	1.0	1.0	3.389523837794453
663925228.7742202	84466.68468378468	9917453.583460892	1261.730070878982	9917453.586692857	1261.730652710282	148143.01595661294	18.847235591593076	0	0.2971785873054302	1.1097841747929151	-0.2011403646309208	0.10057036091109448	0.10057036043634517	0.2971785869649862	0.2011403646309208	0.003999999999999995	0.01	0.01	1.0	1.0	3.365029087213313
403064385.55986726	69982.21341768147	7580793.096479445	1316.2182040014045	7580793.0965657635	1316.2257990294806	142578.76948130346	24.755438169976482	0	0.29934135892427155	1.1259962389494165	-0.20337620691072295	0.1016882830727696	0.1016882826286559	0.29934135849387	0.20337620691072295	0.004999999999999994	0.01	0.01	1.0	1.0	3.3407164471347164
266277512.9348664	49070.520335887566	6053469.071422777	1115.5537507686806	6053469.055448232	1115.5695293936026	137617.6584935731	25.361006246623212	0	0.3015192958590544	1.1424407794006861	-0.20564470541174748	0.10282253327938304	0.1028225328731826	0.30151929537337385	0.20564470541174748	0.005999999999999992	0.01	0.01	1.0	1.0	3.3165857883409826
158850466.77567333	25754.746608965197	4563404.754550034	739.8740226065828	4563404.755813788	739.8702998087155	131096.01446825627	21.254754443218623	0	0.3048146068616129	1.1675487102398463	-0.2091097076195584	0.1045550358706672	0.10455503543486512	0.30481460632791035	0.2091097076195584	0.007499999999999994	0.01	0.01	1.0	1.0	3.2807306622703085
80255889.1025882	681.3726776164832	3130238.4498439864	26.57573163382317	3130238.450261935	26.5753604997855	122089.39413473346	1.0365247564968294	0	0.3103823987006607	1.2105914437915213	-0.2150546811672826	0.10752752557018126	0.10752752519916216	0.310382398132353	0.2150546811672826	0.009999999999999995	0.01	0.01	1.0	1.0	3.2218793866476236
46509866.37016358	571.8015172441496	2308907.914495941	28.386172229951853	2308907.9150403584	28.385928998630558	114622.04236563793	1.4091740667861319	0	0.3160444099080097	1.255161550424592	-0.22121867281493135	0.1106095239491486	0.11060952355750056	0.3160444093305824	0.22121867281493135	0.012499999999999995	0.01	0.01	1.0	1.0	3.1641587252811654
29496047.38052105	562.9414872046217	1789141.9056991716	34.14634601148874	1789141.908350955	34.14553184603561	108523.99410340004	2.0711657812862283	0	0.3218002258992114	1.3012958989427377	-0.2276094108128969	0.11380489594205764	0.11380489552608875	0.32180022532416325	0.2276094108128969	0.015000000000000003	0.01	0.01	1.0	1.0	3.1075637029740606
19923888.02420416	38.42219843557468	1435571.3161871538	2.768425954966128	1435571.31627385	2.767591770524352	103436.89469229436	0.19941266254525866	0	0.3276493440574026	1.349031058787393	-0.2342348084651667	0.11711759752520748	0.11711759712826715	0.3276493434905577	0.2342348084651667	0.0175	0.01	0.01	1.0	1.0	3.052088288289314
14107408.962830406	20.574508689900846	1182755.8372876896	1.7249533236496672	1182755.8373659493	1.7251526743064318	99161.47419968707	0.14463566951677995	0	0.3335911761336003	1.3984032446499313	-0.2411029604573701	0.1205516765612632	0.12055167618077052	0.3335911755781568	0.2411029604573701	0.019999999999999997	0.01	0.01	1.0	1.0	2.997725422294234
136.94786283487213	3.029599835748359e-11	0.4997004979904168	1.1363080272299912e-13	0.4997004984614556	1.3093295176433405e-13	0.0018370437417266124	4.885215344342677e-16	0	0.3603265626331296	1.3157246271460985	-0.33154070085255805	0.1681457887546511	0.16814578991745374	0.3604368524112001	0.33154070085255805	0.000999999999999994	0.5	0.5	0.1	0.1	3.4390600442094232
135.51503297732748	1.3810255984059983e-11	0.5942056682790289	5.936874521826733e-14	0.5942056689060695	1.0796663332674543e-13	0.002625322247254441	4.695629535443938e-16	0	0.3607816962624076	1.3190276578601976	-0.3320726577061188	0.16841167537973842	0.16841167268824672	0.3608659922537469	0.3320726577061188	0.0011999999999999962	0.5	0.5	0.1	0.1	3.434073610135725
134.8219481737139	1.1685690396130487e-10	0.6906199048259636	5.801264064748192e-13	0.6906199055978514	8.566520162697845e-13	0.003564804179523017	4.3312151645900845e-15	0	0.3612243469380579	1.3222744014959715	-0.33260538648267696	0.16867794081082044	0.168677937368954	0.3612950657322431	0.33260538648267696	0.0014000000000000089	0.5	0.5	0.1	0.1	3.429094468948998
134.3551457072927	5.621182531791014e-13	0.7875873036207887	3.9382236685550384e-15	0.7875873045352438	2.3609871853658402e-14	0.004652395733290757	1.3752849309050416e-16	0	0.3616630409285423	1.3255062742451482	-0.3331392155020521	0.16894475367207	0.16894474999270134	0.3617244845322503	0.3331392155020521	0.0016000000000000105	0.5	0.5	0.1	0.1	3.424122620349848
133.99373566688982	5.267490147768209e-11	0.8848139533307401	3.533557715252503e-13	0.8848139543891282	4.489569488100814e-13	0.00588796971911114	3.008459597925649e-15	0	0.36209995016675306	1.3287345654235787	-0.33367422962110355	0.16921215754457922	0.1692121537311529	0.3621543599082301	0.33367422962110355	0.0018000000000000032	0.5	0.5	0.1	0.1	3.4191580639928443
133.6912662932132	7.743443505059537e-11	0.9821931618525096	5.661729105309351e-13	0.9821931630569458	3.633711558038429e-13	0.0072719006761675095	2.6291219624143672e-15	0	0.3625359594525681	1.331964032406758	-0.3342104637463599	0.16948017017666728	0.1694801662909826	0.3625847362742331	0.3342104637463599	0.0019999999999999944	0.5	0.5	0.1	0.1	3.4142007994865335
132.5391907733195	2.8675539857588626e-11	1.4701683401690617	3.230394347578359e-13	1.47016834214425	2.0707884350259113e-13	0.016435882230397075	2.338434276422055e-15	0	0.3647134095657779	1.3481886491519588	-0.3369104262763181	0.1708296148554074	0.17082961084727344	0.3647446337120042	0.3369104262763181	0.003000000000000009	0.5	0.5	0.1	0.1	3.389523837794453
131.56585460220114	4.1675784140588135e-11	1.95858068840177	6.389766838214094e-13	1.9585806912032209	1.4126457568085877e-12	0.029389052051125436	2.1418875186321492e-14	0	0.36689639790862977	1.3645959513948465	-0.3396423337818292	0.17219501169097065	0.17219500746807778	0.3669182785799333	0.3396423337818292	0.003999999999999995	0.5	0.5	0.1	0.1	3.365029087213313
130.59211212529695	2.5892240450452345e-10	2.4460404293473768	4.890137713260812e-12	2.446040432998081	4.20451938099603e-12	0.04618494727733602	7.872646628600439e-14	0	0.3690896588632425	1.3812120768129037	-0.3424067634157713	0.17357665189502394	0.17357664738226536	0.3691058219714029	0.3424067634157713	0.004999999999999994	0.5	0.5	0.1	0.1	3.3407164471347164
129.56067746960656	3.038049153811126e-11	2.9311699794297668	7.047629086070358e-13	2.9311699839245806	6.558666429307063e-13	0.0668569677369389	1.5250850662042417e-14	0	0.3712948851921151	1.3980475256130471	-0.34520421026815923	0.17497478406682646	0.17497477916000986	0.37130730031640985	0.34520421026815923	0.005999999999999992	0.5	0.5	0.1	0.1	3.3165857883409826
127.85783467404508	1.6669919261156242e-10	3.6514612339987886	4.872850419527019e-12	3.651461239658517	1.6511113077341052e-12	0.1051535134774006	4.916397186917384e-14	0	0.37462676758596936	1.4237251448509198	-0.3494633287391414	0.17710342712939126	0.17710342136580445	0.3746356456467167	0.3494633287391414	0.007499999999999994	0.5	0.5	0.1	0.1	3.2807306622703085
124.56077733560427	2.9901490995177514e-11	4.821282690464981	1.2933689481545677e-12	4.821282697534025	1.5274014341192785e-12	0.1882435843902112	5.4468016033983204e-14	0	0.3802466078540909	1.4676883785626054	-0.35673366354596103	0.180736994978594	0.1807369876675738	0.3802523912498241	0.35673366354596103	0.009999999999999995	0.5	0.5	0.1	0.1	3.2218793866476236
120.730690803344	1.5959358279360458e-11	5.937542410808715	7.995691581502841e-13	5.937542418206422	1.5872449658510513e-12	0.2946899347422891	7.93951602237271e-14	0	0.3859514208529481	1.5131581310868358	-0.3642252603297988	0.1844811097074376	0.1844811008163259	0.38595558403521946	0.3642252603297988	0.012499999999999995	0.5	0.5	0.1	0.1	3.1641587252811654
116.47817604231537	5.884809676596585e-12	6.987153752708075	3.7986860086293373e-13	6.987153759032	3.6420752486094546e-13	0.4232093292105746	2.2092312373425905e-14	0	0.3917416291526798	1.5601849233370453	-0.3719458478134301	0.18833964488089874	0.18833963485783603	0.3917446484251138	0.3719458478134301	0.015000000000000003	0.5	0.5	0.10000000000000002	0.10000000000000002	3.1075637029740606
111.9361671602483	2.403871691552204e-11	7.962319120842578	1.6966296631360627e-12	7.9623191245412235	1.1664333963807442e-12	0.5722356276358623	8.159546738845509e-14	0	0.3976170017764676	1.6088182759053429	-0.3799034554154664	0.1923166230962277	0.19231661256907184	0.3976189903259885	0.3799034554154664	0.0175	0.5	0.5	0.1	0.1	3.052088288289314
107.23491369460596	4.427709337719141e-12	8.860100286729011	6.751169318098381e-13	8.860100286265313	3.3606700825510807e-12	0.7401366968769867	2.7504558301939335e-13	0	0.4035770063049808	1.6591078840368931	-0.3881064327394013	0.19641622842794326	0.1964162180031722	0.4035779960660729	0.3881064327394013	0.019999999999999997	0.5	0.5	0.1	0.1	2.997725422294234
73.65920570355516	5.328944199492172e-12	13.806276785668787	8.709750366669422e-13	13.806276722484467	4.101460510477748e-12	2.6387739493777467	7.298535277803064e-13	0	0.4541887728761305	2.1266977999738645	-0.463655056607634	0.23417445163737755	0.2341744486842221	0.4541868447026017	0.463655056607634	0.04	0.5	0.5	0.1	0.1	2.6017178653944457
59.14969357518512	1.0090731432874122e-11	0.21553725157289128	3.64258739555626e-14	0.2155372517137612	4.802857988595927e-14	0.0007991270908658067	1.745939714277961e-16	0	0.3548064678864193	1.2968992559832837	-0.3311531652101535	0.16779203900318487	0.16779198795672076	0.3549501341596448	0.3311531652101535	0.000999999999999994	0.5	0.5	0.2	0.2	3.4390600442094232
57.411420845795824	2.581039996270484e-11	0.2514749665081083	1.1484618535042765e-13	0.2514749666929704	1.0044856727307278e-13	0.001121395155337801	4.459541815535711e-16	0	0.3552964665607505	1.3004828021628427	-0.33168572723585044	0.16805843425821745	0.16805838209357268	0.3553875838906341	0.33168572723585044	0.0011999999999999962	0.5	0.5	0.2	0.2	3.434073610135725
56.63401716748665	4.911265775408987e-11	0.28983844490361976	2.550915878151573e-13	0.2898384451289689	3.2977967231796284e-13	0.0015104886865346015	1.7157767193662408e-15	0	0.3557543740796309	1.3038904080312812	-0.33221826759623546	0.16832479945280748	0.16832474755080568	0.3558243876186796	0.33221826759623546	0.0014000000000000089	0.5	0.5	0.2	0.2	3.429094468948998
56.13370835929763	6.4502683578470125e-12	0.3287773408254783	3.764065029577672e-14	0.32877734109035545	4.824887603807265e-14	0.0019612801521008715	2.8314216123839014e-16	0	0.35620361249598026	1.3072485321902678	-0.33275171058248953	0.16859161033736678	0.16859155883117466	0.35626135502783524	0.33275171058248953	0.0016000000000000105	0.5	0.5	0.2	0.2	3.424122620349848
55.761157160206004	2.166807967619712e-11	0.3679248721744376	1.478056526522334e-13	0.3679248724791883	1.0195048117903434e-13	0.0024728895295366878	6.853541077835107e-16	0	0.356649260749747	1.3105876180053773	-0.33328626627940244	0.16885897490882987	0.16885892375548675	0.3566986846455797	0.33328626627940244	0.0018000000000000032	0.5	0.5	0.2	0.2	3.4191580639928443
55.461315010074976	3.933236437233849e-10	0.4071614699054336	2.9642642309398937e-12	0.4071614702506826	2.180307996482257e-12	0.003045155952119937	1.6379709569202552e-14	0	0.3570931712824094	1.3139194993499472	-0.3338220140693278	0.16912693380698088	0.1691268829863448	0.3571364534662113	0.3338220140693278	0.0019999999999999944	0.5	0.5	0.2	0.2	3.4142007994865335
54.453818134791575	2.1747323612712702e-11	0.6037171129184145	2.4468668717487187e-13	0.6037171134718049	3.589795627038233e-13	0.006821419974603025	4.055504221968618e-15	0	0.3593063493098569	1.3306044155635857	-0.3365195695299654	0.17047612036932122	0.1704760711411951	0.35933273847650393	0.3365195695299654	0.003000000000000009	0.5	0.5	0.2	0.2	3.389523837794453
53.79691543255453	3.3241673446792886e-11	0.8006372655381075	4.991200558288274e-13	0.8006372663167043	3.381127999464488e-13	0.012147014367175564	5.076875280092458e-15	0	0.3615237267819184	1.3474379637121723	-0.33924939605130233	0.17184142270479438	0.17184137473394345	0.3615420791628196	0.33924939605130233	0.003999999999999995	0.5	0.5	0.2	0.2	3.365029087213313
53.292868441930075	7.927439335976543e-12	0.9981506340850412	1.6247678236571288e-13	0.9981506351038534	8.417340566314014e-15	0.01906231796645552	1.5776863194968052e-16	0	0.36375113814575344	1.364464727132405	-0.3420121489453531	0.17322317164265433	0.1732231248578443	0.3637647370959636	0.3420121489453531	0.004999999999999994	0.5	0.5	0.2	0.2	3.3407164471347164
52.87495693911347	3.909951407910773e-11	1.1964666974495801	8.859985725326567e-13	1.196466698722185	2.6083193302369127e-12	0.027611443641889832	6.003516322330352e-14	0	0.3659903228996016	1.3817001165433351	-0.34480833138140343	0.1746216196282234	0.17462157393311106	0.3660007952328136	0.34480833138140343	0.005999999999999992	0.5	0.5	0.2	0.2	3.3165857883409826
52.34330256041694	1.5011281633363708e-10	1.4956865673046238	4.473653000666703e-12	1.4956865689826635	1.7396080275847498e-12	0.04359867145945187	5.3473577303673846e-14	0	0.3693726767121249	1.4079617464846768	-0.3490663214844987	0.176751121726951	0.17675107748793756	0.3693800853624642	0.3490663214844987	0.007499999999999994	0.5	0.5	0.2	0.2	3.2807306622703085
51.59048580221261	2.553176896240243e-11	1.9992227298195897	1.0092855157901616e-12	1.9992227322259892	9.71452031816586e-13	0.07906475352003335	3.8747831138037246e-14	0	0.3750750845754157	1.4528625068293977	-0.3563367940712325	0.1803871318982866	0.1803870899844589	0.37507954984956016	0.3563367940712325	0.009999999999999995	0.5	0.5	0.2	0.2	3.2218793866476236
50.90807572706178	1.615051287220091e-10	2.5082189697436204	8.116697134978418e-12	2.508218972920775	4.395451585649808e-12	0.12616762754122712	2.2013319075730746e-13	0	0.38086033132788905	1.4992291586315365	-0.3638309942307301	0.18413492105929605	0.1841348811899426	0.3808631385080865	0.3638309942307301	0.012499999999999995	0.5	0.5	0.2	0.2	3.1641587252811654
50.24115091033931	9.162176641517744e-12	3.0213042855204053	5.057683521655069e-13	3.0213042894783415	6.379263236368629e-13	0.18557212613719454	3.81133424275741e-14	0	0.38672887678475537	1.5471129185494763	-0.37155654819028416	0.18799830897956132	0.18799827104288372	0.3867306557997615	0.37155654819028416	0.015000000000000003	0.5	0.5	0.20000000000000004	0.20000000000000004	3.1075637029740606
49.5618602396943	2.0322343314344636e-11	3.5366866398585732	1.507552563153742e-12	3.536686644587866	3.2241827997185936e-13	0.25788156077081986	2.3996712858522458e-14	0	0.3926806545083838	1.5965611903931594	-0.3795213121098172	0.1919812292380918	0.19198119314539394	0.3926817542601108	0.3795213121098172	0.0175	0.5	0.5	0.2	0.2	3.052088288289314
48.855521006922494	2.776632586405699e-12	4.052373200762362	2.3506523167574467e-13	4.052373206220727	2.0906216735698467e-13	0.3436264174420406	1.4833719190535024e-14	0	0.3987153251554826	1.6476195025359284	-0.3877333754747313	0.19608773352318531	0.196087699169394	0.3987159538567867	0.3877333754747313	0.019999999999999997	0.5	0.5	0.2	0.2	2.997725422294234
72.20859347413959	2.7350618011827645e-11	0.2631090649506234	1.0350511612578098e-13	0.2631090649614629	1.3239818988792347e-13	0.0009722395104380377	4.975896678117943e-16	0	0.3390138296397419	1.2409707459761006	-0.33002002811712944	0.16670971082366226	0.16670919448666371	0.3392175047297625	0.33002002811712944	0.000999999999999994	0.5	0.5	0.4	0.4	3.4390600442094232
65.7926283681845	8.61866653765362e-11	0.2881016083568568	3.8315318454278307e-13	0.2881016083717964	3.6834442946236986e-13	0.0012811769960685926	1.6384783268086104e-15	0	0.33956239577644365	1.2449895814066785	-0.3305526182049149	0.16697666807096126	0.1669761498085471	0.33967071915953584	0.3305526182049149	0.0011999999999999962	0.5	0.5	0.4	0.4	3.434073610135725
62.39817920686957	1.211365502283037e-10	0.3192245263836512	6.300306695943593e-13	0.3192245264033601	6.036469821997172e-13	0.00165991730815406	3.1408407701491344e-15	0	0.34005128028806864	1.2486810731673277	-0.3310843675630141	0.16724317264890493	0.16724265579290293	0.34012257737192325	0.3310843675630141	0.0014000000000000089	0.5	0.5	0.4	0.4	3.429094468948998
60.15496586679904	5.561502907037294e-11	0.35219430917905165	3.2959598481770095e-13	0.35219430920333583	8.497891218326365e-13	0.002097140149793248	5.054702934905954e-15	0	0.34052179372140284	1.2522532812801594	-0.33161660702423834	0.16750990982997618	0.1675093953146524	0.3405742418915151	0.33161660702423834	0.0016000000000000105	0.5	0.5	0.4	0.4	3.424122620349848
58.48587859503632	5.029386154182033e-10	0.3857465352035572	3.378071060971872e-12	0.3857465352329788	3.66447711993732e-12	0.0025888125430671358	2.466157755513315e-14	0	0.3409848667640579	1.255771880022097	-0.3321497690616287	0.16777710242728092	0.16777659050371627	0.34102608851466465	0.3321497690616287	0.0018000000000000032	0.5	0.5	0.4	0.4	3.4191580639928443
57.15333246746804	5.893560089336663e-10	0.4194057099012682	4.405207613447167e-12	0.4194057099358865	3.210646262390458e-12	0.003132954281762564	2.4093329090165875e-14	0	0.3414444535967557	1.2592639246494792	-0.3326840338405861	0.16804484308528786	0.1680443338393608	0.3414782731480988	0.3326840338405861	0.0019999999999999944	0.5	0.5	0.4	0.4	3.4142007994865335
52.80012470378751	2.6760035942981944e-11	0.5850996689316073	3.0320409259849936e-13	0.5850996689973259	2.675721970283677e-13	0.0066100131259656785	3.0300060611753282e-15	0	0.3437287432166108	1.2766307878422751	-0.3353739815145411	0.16939283667251415	0.16939234040204776	0.3437460139737581	0.3353739815145411	0.003000000000000009	0.5	0.5	0.4	0.4	3.389523837794453
50.0974165669283	5.799130503649473e-11	0.7451891808029499	8.893137817078264e-13	0.7451891809031737	6.932525139001501e-13	0.011312484017075951	1.0686527368506044e-14	0	0.34601531972329624	1.2940739664655685	-0.3380966929388821	0.17075719479758025	0.17075671027768438	0.3460264142537814	0.3380966929388821	0.003999999999999995	0.5	0.5	0.4	0.4	3.365029087213313
48.11760936111039	9.469040785489472e-10	0.9007266719091604	1.8140465464398614e-11	0.9007266720468001	1.6872524766885507e-11	0.01722247326989847	3.235780505113075e-13	0	0.3483121055224799	1.3116834916090472	-0.34085308219587823	0.17213838068897366	0.17213790721785338	0.3483199490903177	0.34085308219587823	0.004999999999999994	0.5	0.5	0.4	0.4	3.3407164471347164
46.55465220012229	2.0435096797163965e-11	1.0528570443820502	4.821069357602179e-13	1.0528570445604846	1.381683579775373e-13	0.024339268374493926	3.0014719386885644e-15	0	0.35062090250192685	1.3294870770089418	-0.3436437014594643	0.17353667080614066	0.17353620782681312	0.35062674624376905	0.3436437014594643	0.005999999999999992	0.5	0.5	0.4	0.4	3.3165857883409826
44.69679136921129	1.1058814155227465e-10	1.276464179639628	3.269698420498432e-12	1.276464179881958	2.748984892571745e-12	0.03729768022497577	8.18369109720622e-14	0	0.3541079282042916	1.3565841220224728	-0.3478948667276598	0.17566670491005798	0.17566625689098142	0.3541119081814659	0.3478948667276598	0.007499999999999994	0.5	0.5	0.4	0.4	3.2807306622703085
42.37947595171665	2.804510479760256e-09	1.6413762381982442	1.1102404215080928e-10	1.6413762385936133	1.6007798025987046e-11	0.0651277741156734	6.406814751986944e-13	0	0.35998491389096193	1.402848350250597	-0.3551579884734693	0.1793056312096563	0.17930520681761591	0.3599871845717935	0.3551579884734693	0.009999999999999995	0.5	0.5	0.4	0.4	3.2218793866476236
40.636576020973294	2.823536126442501e-11	2.001141950815191	1.3519706518118589e-12	2.00114195130103	2.0835012511283455e-12	0.10106849065171968	1.0264039264794408e-13	0	0.3659443843114232	1.4505521894563145	-0.3626497491053981	0.18305880726893728	0.18305840492191056	0.3659457223112624	0.3626497491053981	0.012499999999999995	0.5	0.5	0.4	0.4	3.1641587252811654
39.2446425013881	1.766884339797989e-11	2.3590074616790417	1.0858469291741177e-12	2.359007462299756	2.9594310202347585e-13	0.14556806514580356	1.7750939130940896e-14	0	0.3719864842731157	1.4997495188079002	-0.3703775895324614	0.18692995260292086	0.18692957110225106	0.37198725181320413	0.3703775895324614	0.015000000000000003	0.5	0.5	0.4000000000000001	0.4000000000000001	3.1075637029740606
38.08763541729979	6.937987698755159e-11	2.716998822935045	5.2103675255128806e-12	2.7169988236994977	3.917851592614808e-12	0.19913649767003144	2.889553978990024e-13	0	0.3781109783235213	1.5504864521560229	-0.3783491423953414	0.1909228819978344	0.19092252026117973	0.3781113712824695	0.3783491423953414	0.0175	0.5	0.5	0.4	0.4	3.052088288289314
37.09736606526368	5.035354948255572e-09	3.0764379731884985	4.309887105925208e-10	3.0764379740572148	3.122742796083979e-10	0.2623289319753672	2.656624033817572e-11	0	0.3843174390324236	1.6028054974704702	-0.3865722408835611	0.19504151245601428	0.1950411694045577	0.3843175741712082	0.3865722408835611	0.019999999999999997	0.5	0.5	0.4	0.4	2.997725422294234
793.4576198171445	3.627239511899214e-08	2.8989048623743017	1.3270210412413284e-10	2.8989048623686586	1.3190014424242134e-10	0.010604546715149687	4.825427820889715e-13	0	0.3212373959498985	1.174357211134186	-0.3308500047743174	0.16655682911992187	0.16655534942192182	0.321297388570406	0.3308500047743174	0.000999999999999994	0.5	0.5	0.6	0.6	3.4390600442094232
668.8053305050172	6.681029129106685e-10	2.936265190453819	2.937087617403293e-12	2.93626519044626	2.901870041926578e-12	0.012910438774781756	1.275846054836769e-14	0	0.3217120411553045	1.1778549341333278	-0.3313692326125296	0.1668172842635149	0.1668158100123973	0.3217546813697013	0.3313692326125296	0.0011999999999999962	0.5	0.5	0.6	0.6	3.434073610135725
586.6443439136967	1.8097726506255886e-07	3.009002328651699	9.298369463610187e-10	3.0090023286442342	9.33811718782816e-10	0.015460072604021312	4.79780480841102e-12	0	0.32218036589106464	1.1813277372789348	-0.33188983465258354	0.1670784284878831	0.16707695985162532	0.3222125379502889	0.33188983465258354	0.0014000000000000089	0.5	0.5	0.6	0.6	3.429094468948998
527.3547456721027	1.126663343696259e-06	3.0956238710523647	6.626208972074951e-09	3.0956238710289217	6.659515031989202e-09	0.018206160725562914	3.9166074106898774e-11	0	0.3226456663493193	1.1847893217858492	-0.3324118343527186	0.1673402735038612	0.16733881051603794	0.3226709859105684	0.3324118343527186	0.0016000000000000105	0.5	0.5	0.6	0.6	3.424122620349848
481.9321495098256	1.454089631408104e-08	3.187055374434467	9.630859468380284e-11	3.1870553744228833	9.791760669351576e-11	0.02112010434312447	6.486190156392673e-13	0	0.32310948690867786	1.1882467553805025	-0.33293524401135793	0.16760282567878285	0.16760136832187034	0.3231300384186961	0.33293524401135793	0.0018000000000000032	0.5	0.5	0.6	0.6	3.4191580639928443
445.6484127562167	1.7928188324529196e-08	3.2791356549471256	1.3221638453690713e-10	3.2791356549348665	1.2950250380940853e-10	0.024182588353521585	9.55083400347955e-13	0	0.32357262677947474	1.1917040558036591	-0.3334600700805697	0.1678660881344147	0.16786463640066196	0.3235897018019159	0.3334600700805697	0.0019999999999999944	0.5	0.5	0.6	0.6	3.4142007994865335
333.5578625710208	1.9174433138103293e-09	3.707287944037591	2.1373684398200453e-11	3.7072879440166875	2.1519432374745432e-11	0.04132822784593322	2.398971131780176e-13	0	0.32588889429957035	1.2090511828483634	-0.3361055651504437	0.16919311255805658	0.16919168875211102	0.3258972318000679	0.3361055651504437	0.003000000000000009	0.5	0.5	0.5999999999999999	0.5999999999999999	3.389523837794453
272.7274880901392	1.6292783112212308e-07	4.069820803881065	2.439887140664618e-09	4.0698208038759365	2.467160475535183e-09	0.060956362735197375	3.695039988156685e-11	0	0.3282151810810946	1.2265644754366425	-0.3387868530902187	0.17053807826976386	0.17053668181465448	0.32822005741251203	0.3387868530902187	0.003999999999999995	0.5	0.5	0.6	0.6	3.365029087213313
233.22583131810381	4.673883026560272e-10	4.380780247771892	8.801777900808177e-12	4.380780247736576	1.1157813674142676e-11	0.08264093250642485	2.1050034029551654e-13	0	0.3305549371392148	1.2442783824137704	-0.3415041754619601	0.1719011013467309	0.17189973176089873	0.3305580305971369	0.3415041754619601	0.004999999999999994	0.5	0.5	0.6	0.6	3.3407164471347164
205.04857377728732	1.8645334033930405e-09	4.654012382699963	4.252486204195021e-11	4.654012382659153	4.268639470715696e-11	0.10615125539129867	9.735812758171657e-13	0	0.3329089703100825	1.262207225547098	-0.34425781407478057	0.17328231853013235	0.17328097524984154	0.3329110070272676	0.34425781407478057	0.005999999999999992	0.5	0.5	0.6	0.6	3.3165857883409826
174.8733716872304	4.785545185914537e-10	5.0132588764005686	1.3806402079819082e-11	5.0132588763507995	1.3692306330857965e-11	0.14454803880506126	3.951411942974809e-13	0	0.3364672293441299	1.2895207470434729	-0.3484570720994051	0.1753886049073073	0.17538730008299694	0.3364683266097477	0.3484570720994051	0.007499999999999994	0.5	0.5	0.6	0.6	3.2807306622703085
142.00356590702518	9.149193134463632e-09	5.522612783419218	3.5842890380970535e-10	5.522612783374671	3.785665149291457e-10	0.21630511888921453	1.482172380190843e-11	0	0.34247027110630684	1.3362051824519017	-0.3556423085946601	0.17899245982051915	0.17899121664748988	0.3424705647767897	0.3556423085946601	0.009999999999999995	0.5	0.5	0.6	0.6	3.2218793866476236
120.547620964457	6.3956247512252945e-09	5.9621811132582225	3.194379113736431e-10	5.962181113182287	3.1781168560515104e-10	0.2973584342119213	1.5888730765614215e-11	0	0.3485633274387441	1.3843899064946643	-0.3630659559253376	0.18271566770847225	0.18271448323373707	0.3485632176816502	0.3630659559253376	0.012499999999999995	0.5	0.5	0.6	0.6	3.1641587252811654
105.3119741352713	1.037658667029726e-09	6.358840386628077	6.340389329324358e-11	6.358840386557507	2.2959884340455864e-11	0.3876468024768104	1.3695320634076192e-12	0	0.3547452555302659	1.43411929610237	-0.3707345731607061	0.18656148301035755	0.1865603544244388	0.3547449174750058	0.3707345731607061	0.015000000000000003	0.5	0.5	0.6	0.6	3.1075637029740606
93.88210571293956	3.3553516091777975e-10	6.727955565506723	2.4305896755853346e-11	6.727955565440519	2.2025592400134787e-11	0.4873633367489914	1.5951879832111057e-12	0	0.3610148481051592	1.4854324098749687	-0.37865508048344027	0.19053334351570592	0.19053226821178096	0.3610143714673533	0.37865508048344027	0.0175	0.5	0.5	0.6	0.6	3.052088288289314
84.96725013016847	3.2021652621686507e-10	7.079089595353116	2.7035930783832388e-11	7.079089595291393	2.5129271404329674e-11	0.5968541842589249	2.1252505463896595e-12	0	0.3673708858289795	1.538365726115719	-0.38683469637558776	0.19463484012305768	0.19463381555464	0.3673703216953822	0.38683469637558776	0.019999999999999997	0.5	0.5	0.6	0.6	2.997725422294234
3445466.06786646	7.679662060747869	12589.324636698735	0.02806058319273981	12589.324643709957	0.02805300492479229	45.99991344408015	0.00010250238511039671	0	0.30168928949611606	1.1023371173635559	-0.3571274676039448	0.17911248252093656	0.17910861161181169	0.30169137944851954	0.3571274676039448	0.000999999999999994	0.5	0.5	1.0	1.0	3.4390600442094232
2384721.366930504	0.17202578306375751	10471.283834872409	0.0007553635333998747	10471.28383402412	0.0007554484087570559	45.97930502129047	3.3171665867792257e-06	0	0.3021294176025381	1.105539277066143	-0.3576202536475704	0.17935928467511722	0.17935542910237565	0.3021309982128583	0.3576202536475704	0.0011999999999999962	0.5	0.5	1.0	1.0	3.434073610135725
1744544.0503413924	8.410957646987542	8949.887406173963	0.043150052245056976	8949.887406253194	0.043149101573909235	45.91487986967734	0.0002213643280020306	0	0.3025700811627949	1.1087502794403978	-0.35811433093288103	0.17960673380382894	0.17960289352256067	0.3025712471792727	0.35811433093288103	0.0014000000000000089	0.5	0.5	1.0	1.0	3.429094468948998
1328999.357813392	0.012457735840512608	7803.310322234551	7.314649492016631e-05	7803.310322361009	7.318016786675934e-05	45.8177029550818	4.296826459262088e-07	0	0.30301130288338746	1.111970252930934	-0.3586097040064316	0.17985483202632116	0.17985100701712914	0.3030121267896667	0.3586097040064316	0.0016000000000000105	0.5	0.5	1.0	1.0	3.424122620349848
1044257.6271846446	0.1726984919129124	6907.816519317829	0.0011424102809040131	6907.816519534035	0.001142344541291266	45.69559610525168	7.556673751947284e-06	0	0.30345309912271506	1.1151992908502906	-0.3591063771931333	0.18010358171050345	0.18009977185057022	0.30345363736785497	0.3591063771931333	0.0018000000000000032	0.5	0.5	1.0	1.0	3.4191580639928443
840805.7088782587	0.4684257993964308	6188.890073524248	0.003447930181808469	6188.890073297345	0.003447974797955344	45.554407505487156	2.5379422904936272e-05	0	0.30389548191546123	1.1184374641135886	-0.35960435407019936	0.1803529845792874	0.18034918980920955	0.3038957791527617	0.35960435407019936	0.0019999999999999944	0.5	0.5	1.0	1.0	3.4142007994865335
361318.64036806393	0.014030914738148702	4018.193784700205	0.00015603704749412705	4018.193784892008	0.0001559606866261389	44.68611406780062	1.734430367636779e-06	0	0.30611644565824103	1.1347670371804777	-0.3621139355649653	0.18160986769377932	0.18160614749634366	0.3061159609123946	0.3621139355649653	0.003000000000000009	0.5	0.5	1.0	1.0	3.389523837794453
195958.02887172482	0.0012156850269779461	2926.6701250162596	1.8156579591919225e-05	2926.6701250149604	1.8147016584310674e-05	43.71059343987521	2.710305290990405e-07	0	0.308352827195614	1.151330791783346	-0.3646567043923871	0.18288337810484945	0.18287973088112344	0.3083519352387861	0.3646567043923871	0.003999999999999995	0.5	0.5	1.0	1.0	3.365029087213313
120834.42138188574	0.002708910943030428	2272.1759579464333	5.093890965263328e-05	2272.175957944029	5.0965053970866293e-05	42.72645369867713	9.583571944506217e-07	0	0.31060482767784703	1.1681318483144951	-0.3672331478723954	0.18417376001909708	0.18417018428427	0.3106037005380101	0.3672331478723954	0.004999999999999994	0.5	0.5	1.0	1.0	3.3407164471347164
80861.21887473874	0.009404893704298235	1837.8170580047667	0.0002137575414564076	1837.8170580525175	0.0002138623106377599	41.77049711061378	4.860733673925288e-06	0	0.3128725215642417	1.1851729026288529	-0.3698437557793901	0.1854812584895569	0.185477752738895	0.3128712496363463	0.3698437557793901	0.005999999999999992	0.5	0.5	1.0	1.0	3.3165857883409826
49005.33081777622	0.0018734578526916972	1407.3657738837558	5.380426762717279e-05	1407.365773880644	5.3786370860676224e-05	40.418436260337145	1.5447030423282846e-06	0	0.3163035410636358	1.2111900638906268	-0.3738248080161469	0.1874751413786588	0.18747173777115853	0.3163021431491204	0.3738248080161469	0.007499999999999994	0.5	0.5	1.0	1.0	3.2807306622703085
25267.841433067184	9.551628572342136e-05	985.1028950436416	3.723976199273665e-06	985.1028950684108	3.721085857265628e-06	38.407163660917675	1.450771829519685e-07	0	0.32210050961741843	1.2557876177050833	-0.3806377812107712	0.19088739813735506	0.19088415775316145	0.3220990203601546	0.3806377812107712	0.009999999999999995	0.5	0.5	1.0	1.0	3.2218793866476236
14900.369845725958	1.5013806728403989e-05	739.2963505460788	7.449747212326801e-07	739.2963505436998	7.422598051877277e-07	36.68336983533786	3.6830420177924897e-08	0	0.3279955300091649	1.3019629323408757	-0.3876800309743396	0.19441451452940572	0.19441142867514102	0.32799401625638064	0.3876800309743396	0.012499999999999995	0.5	0.5	1.0	1.0	3.1641587252811654
9582.401491396266	2.7573603383728003e-05	580.8436846364376	1.6715672395712014e-06	580.8436846305641	1.6698060560975418e-06	35.21190370089226	1.0122694443104873e-07	0	0.33398822015998114	1.3497539429476002	-0.39495971280349856	0.19806057215102865	0.1980576326444797	0.33398671214804165	0.39495971280349856	0.015000000000000003	0.5	0.5	1.0	1.0	3.1075637029740606
6550.652173112934	9.660433662292585e-06	471.6063431731968	6.955961468498187e-07	471.6063431730312	6.966700862544533e-07	33.957916844747146	5.016349405190463e-08	0	0.3400780757919041	1.3991981513442877	-0.4024851752448452	0.20182974736345716	0.20182694650414248	0.34007658885999925	0.4024851752448452	0.0175	0.5	0.5	1.0	1.0	3.052088288289314
4687.412603913547	6.408285728271658e-06	392.610652181449	5.368633448674883e-07	392.6106521816704	5.379770462466581e-07	32.891496868793716	4.506986473385136e-08	0	0.3462644856831075	1.4503325839509964	-0.41026495367048615	0.20572631095076832	0.20572364125114412	0.34626302814789217	0.41026495367048615	0.019999999999999997	0.5	0.5	1.0	1.0	2.997725422294234
15.880976180649908	1.0040898702339482e-12	0.8467059631727363	5.393360676084851e-14	0.846705815796968	7.142274924064631e-14	0.05239791613939785	4.400633347188464e-15	0	1.0094167490841583	5.465776970782224	-3.0710501719655445	1.6170309448911298	1.61703033963352	1.0093607903431483	3.0710501719655445	0.015000000000000003	2.0	2.0	0.10000000000000002	0.10000000000000002	3.1075637029740606
16.280910888190274	2.6093020528886555e-11	1.0216175567192018	1.5279175776802452e-12	1.0216172331491256	4.092455092598178e-13	0.07418211323368458	5.85852994254208e-17	0	1.0150100273861045	5.5625116038713305	-3.1019635557685183	1.6318255207793628	1.6318249861642031	1.0149497467932298	3.1019635557685183	0.0175	2.0	2.0	0.1	0.1	3.052088288289314
16.583587403707266	1.375547577077264e-12	1.1990871021557237	1.4529216943284307e-13	1.1990865267348514	5.528003151502864e-15	0.10016571531124624	9.92609382346019e-16	0	1.02062665832685	5.658142902139045	-3.1332543816047616	1.6468226334872524	1.6468221567734098	1.0205643564505	3.1332543816047616	0.019999999999999997	2.0	2.0	0.1	0.1	2.997725422294234
17.136568939956568	5.409598694920229e-14	1.9157369481933777	1.8730816582353254e-15	1.9157346928562693	7.173494192961481e-14	0.24794553031741665	1.6882362622384077e-14	0	1.043364447031549	6.0416698913752045	-3.262322535110544	1.7088959234049967	1.708895607399655	1.0433039912976612	3.262322535110544	0.02999999999999999	2.0	2.0	0.1	0.1	2.7912242752478287
17.045114625145395	1.5848120621044081e-12	2.6156529934400377	2.4429093543345443e-13	2.6156482752545283	5.846292686823315e-13	0.4694983354910946	9.181473423320222e-14	0	1.0665747271484012	6.439768202611082	-3.3980020226259318	1.7744765723130969	1.7744763586553776	1.066520996333487	3.3980020226259318	0.04	2.0	2.0	0.1	0.1	2.6017178653944457
4.519026916176781	1.5780686606567428e-11	0.015286587089717682	5.918180238054838e-14	0.01528659571116961	5.3101530473985767e-14	7.464487596030131e-05	2.0524315440855275e-16	0	0.9664134647499836	3.6375712818866006	-2.9101571256886483	1.538278737308298	1.5382577997690094	0.9636355646599379	2.9101571256886483	0.000999999999999994	2.0	2.0	0.2	0.2	3.4390600442094232
3.8314214540847384	2.493191825831471e-12	0.014764200287134387	1.0410138352135417e-14	0.014764212989947675	9.297787808552994e-15	9.385418531940941e-05	4.418174725497516e-17	0	0.9657761981205452	3.671660822224573	-2.9120245283386534	1.5391408335882009	1.5391281814841486	0.9643633685070292	2.9120245283386534	0.0011999999999999962	2.0	2.0	0.2	0.2	3.434073610135725
3.5176118407858987	2.0241581798899585e-12	0.014998791614563484	1.039934891482668e-14	0.014998808327228287	9.331597756855137e-15	0.00011800915051118159	5.820945266855886e-17	0	0.9652803026668124	3.709160951514295	-2.913955718969015	1.5400386969945792	1.5400294831592292	0.9650386870563904	2.913955718969015	0.0014000000000000089	2.0	2.0	0.2	0.2	3.429094468948998
3.367670743841138	3.355130165463952e-13	0.01568566188699001	2.6573282689732013e-15	0.015685682332124924	2.8404854512166595e-15	0.0001468520129271752	2.7390066688680345e-17	0	0.9653704742214574	3.750017884483402	-2.9159480308586816	1.5409701889500584	1.5409611132238985	0.9656813533207956	2.9159480308586816	0.0016000000000000105	2.0	2.0	0.2	0.2	3.424122620349848
3.3027370194768904	5.363536226951387e-13	0.016736690934294342	3.2193331721026157e-15	0.01673671424720699	1.4856968315962544e-15	0.00018068355387607438	4.5697467197668476e-18	0	0.965819954330732	3.7919286863888337	-2.9179856992448383	1.541925797162444	1.541916167727902	0.9663000278631788	2.9179856992448383	0.0018000000000000032	2.0	2.0	0.2	0.2	3.4191580639928443
3.280729881458953	4.9901591775082634e-14	0.018052123531330254	1.6647548483700564e-15	0.018052148519759826	2.8131832191145008e-15	0.00021960423709256317	4.5074128202102976e-17	0	0.9664117113151997	3.8331195283339192	-2.9200550666574823	1.5428979020288152	1.5428880295054244	0.9669010536906184	2.9200550666574823	0.0019999999999999944	2.0	2.0	0.2	0.2	3.4142007994865335
3.3732966763851513	7.894612261584427e-14	0.026856649531825663	8.718935701064183e-16	0.026856673536440268	2.351776148591885e-15	0.000492822108310023	3.144130381046668e-18	0	0.9694788471776212	4.014374703654973	-2.930695040164075	1.5479114858614158	1.5479033131471025	0.9697418910104536	2.930695040164075	0.003000000000000009	2.0	2.0	0.2	0.2	3.389523837794453
3.5577302236839716	6.530142133478989e-13	0.0381854749495248	1.3573829074212551e-14	0.03818550107302004	7.293083716043402e-15	0.0009092620028940588	4.051937320545465e-16	0	0.9722745543293968	4.159503858884052	-2.941661266113748	1.5530976012205149	1.5530910790796573	0.9724130944584364	2.941661266113748	0.003999999999999995	2.0	2.0	0.2	0.2	3.365029087213313
3.758457703490511	3.6060482446452095e-14	0.051511776345697334	1.481883625093372e-15	0.051511804519087184	1.0949307514606635e-14	0.0014870279353565582	2.8853457463312164e-16	0	0.9749116391669126	4.279369819341315	-2.952843347106397	1.5583986656752262	1.5583931267401911	0.9749845935801122	2.952843347106397	0.004999999999999994	2.0	2.0	0.2	0.2	3.3407164471347164
3.955639635569769	6.342716749624045e-13	0.06649448350412876	4.8725469413263496e-14	0.06649451123364357	6.64887601654352e-14	0.0022418718506284395	6.836595811657183e-16	0	0.9774594903043864	4.381560922120984	-2.9641821530970205	1.5637834804725983	1.5637785533170236	0.9774929789125476	2.9641821530970205	0.005999999999999992	2.0	2.0	0.2	0.2	3.3165857883409826
4.231504177783512	7.272843507131638e-14	0.09151425076372764	7.534766821224751e-15	0.0915142760511593	3.580335281696971e-14	0.003734994322812579	8.216085533957191e-16	0	0.9811829326904898	4.5122419506535145	-2.9814153393969827	1.5719812838081868	1.571976931716144	0.9811807265858592	2.9814153393969827	0.007499999999999994	2.0	2.0	0.2	0.2	3.2807306622703085
4.631157075726776	1.1780131876829402e-12	0.13856555407443807	5.2124876506114163e-14	0.13856557733445846	2.081706748733158e-15	0.007277733853148844	1.2104072517510403e-16	0	0.9872450818005823	4.6926371478473135	-3.010609950744074	1.5858981921097777	1.585894408645981	0.9872119514775536	3.010609950744074	0.009999999999999995	2.0	2.0	0.2	0.2	3.2218793866476236
4.965648140849257	2.6194201814458795e-13	0.1908381369945257	1.7456125510289604e-14	0.19083816230947914	1.1843309662660227e-14	0.01226698992030277	7.670941813933983e-16	0	0.9932158497724316	4.845979876501413	-3.040300755579422	1.6000818059844988	1.6000783986061158	0.9931675394028924	3.040300755579422	0.012499999999999995	2.0	2.0	0.2	0.2	3.1641587252811654
5.2495135530790185	1.6362921991301088e-13	0.24729437730903564	7.89687457021667e-15	0.2472944067200848	1.486715429586725e-14	0.01883557282769044	7.071016977013022e-16	0	0.9991425969705836	4.983784328561235	-3.0704404272591437	1.6145063696757525	1.6145032561360282	0.9990863763478824	3.0704404272591437	0.015000000000000003	2.0	2.0	0.20000000000000004	0.20000000000000004	3.1075637029740606
5.49417968615875	1.1172749419742621e-12	0.3072751896724701	1.5359855793000587e-13	0.3072752228827089	1.3904775131443575e-13	0.027106520673860157	1.7170339526311423e-14	0	1.0050491519701077	5.1120086569014465	-3.1010089701041	1.6291606460990518	1.62915778155164	1.0049888818824717	3.1010089701041	0.0175	2.0	2.0	0.2	0.2	3.052088288289314
5.707865170791002	3.588203972631837e-12	0.3703212162960711	2.976705038286847e-13	0.3703212511154176	4.0703731002474483e-13	0.03719715236175805	3.5127802751081563e-14	0	1.0109492598371859	5.234067063033299	-3.1319981265129013	1.6440396711758216	1.6440370260558386	1.0108871731436246	3.1319981265129013	0.019999999999999997	2.0	2.0	0.2	0.2	2.997725422294234
8.962478551959569	4.7846465335685845e-12	0.031900618323216924	1.992815515138644e-14	0.03190061886454887	1.6039407432225214e-14	0.0001284458758156468	6.422042185591003e-17	0	0.90124478516391	3.3135738170755604	-2.957553213931495	1.5545076767739392	1.554469583028535	0.9030940456308552	2.957553213931495	0.000999999999999994	2.0	2.0	0.4	0.4	3.4390600442094232
8.135663213868465	1.0985724045131511e-11	0.0348085958954483	5.481149781033796e-14	0.03480859682607808	2.320465419466992e-14	0.00017092110303847788	1.246990205431053e-16	0	0.902956588288052	3.3268929902557955	-2.9593458614759958	1.5553444250491084	1.5553058969963809	0.9038546679642654	2.9593458614759958	0.0011999999999999962	2.0	2.0	0.4	0.4	3.434073610135725
7.749014067422693	4.977843103421756e-13	0.0387112397445828	1.9284361911295764e-15	0.0387112409656056	4.869635340882007e-16	0.00022372324668008096	8.304382937700648e-18	0	0.9039758944752372	3.3365845941325394	-2.961122321265957	1.556172319505175	1.5561338497104868	0.9045948795057398	2.961122321265957	0.0014000000000000089	2.0	2.0	0.4	0.4	3.429094468948998
7.488088726939626	1.0691790936825894e-12	0.042779968053458	6.895446004677853e-15	0.04277996955158191	4.0597480346650395e-15	0.0002844341055141137	2.5413141361805257e-17	0	0.9048528047552292	3.3452833854681923	-2.96289701229994	1.556999281061355	1.5569609518374716	0.9053293884073588	2.96289701229994	0.0016000000000000105	2.0	2.0	0.4	0.4	3.424122620349848
7.28607673497607	3.655102009810277e-13	0.0468592565200542	2.673902331006122e-15	0.04685925829764551	2.6292812368480232e-15	0.0003524792596573576	2.1871934689049598e-17	0	0.9056741544245496	3.353534082452411	-2.9646728584081106	1.5578268998057894	1.5577887352644106	0.9060612904228232	2.9646728584081106	0.0018000000000000032	2.0	2.0	0.4	0.4	3.4191580639928443
7.118355034784185	3.4888569399737644e-12	0.0509008808211943	2.757385884087032e-14	0.050900882885558836	3.877957338568518e-14	0.00042758773687058934	3.2610760281617824e-16	0	0.9064673385201918	3.3615363594452066	-2.966450880950029	1.558655727235705	1.5586177366797087	0.9067916893744314	2.966450880950029	0.0019999999999999944	2.0	2.0	0.4	0.4	3.4142007994865335
6.5215127397271155	5.049695641058929e-13	0.07020493459614932	5.9835512912528245e-15	0.07020493824754465	9.303066462466559e-15	0.0009041644293700967	1.2433605151161506e-16	0	0.9102692733375792	3.400009810945137	-2.975383997764636	1.5628235437439408	1.5627864519527594	0.9104323902396688	2.975383997764636	0.003000000000000009	2.0	2.0	0.4	0.4	3.389523837794453
6.107642514949736	1.8180648207761143e-12	0.08801966987653974	3.4880436319419943e-14	0.08801967538688107	8.31550733228705e-15	0.0015413850472873775	1.700798513944123e-16	0	0.9139712499593674	3.4376495183389872	-2.9843964056588868	1.5670348423603926	1.5669986426352482	0.9140617832635242	2.9843964056588868	0.003999999999999995	2.0	2.0	0.4	0.4	3.365029087213313
5.780385462982247	7.310660170512647e-13	0.10456363333870143	1.2956766171745892e-14	0.1045636409695119	4.367248701959498e-14	0.002332336633889457	9.46127446099967e-16	0	0.9176335476804138	3.475195879307498	-2.9934918683779848	1.5712915413402622	1.5712562151045937	0.9176818216272676	2.9934918683779848	0.004999999999999994	2.0	2.0	0.4	0.4	3.3407164471347164
5.506012073657808	7.257636138159862e-12	0.12001671445924	1.9056609582395294e-13	0.12001672445314475	1.5452553857326336e-13	0.0032723503575344762	4.227900049469332e-15	0	0.9212716333093348	3.5129135640107463	-3.002672952627752	1.5755949140537704	1.5755604415447584	0.9212922043929732	3.002672952627752	0.005999999999999992	2.0	2.0	0.4	0.4	3.3165857883409826
5.159587901868623	5.415634360714547e-12	0.14141999736394434	1.969696277225225e-13	0.14142001131053486	3.4089107050404286e-14	0.00495455444814213	1.529253908220381e-15	0	0.9266943809920808	3.5701124783306533	-3.01661112897434	1.5821404742879397	1.5821072457122018	0.9266876289657856	3.01661112897434	0.007499999999999994	2.0	2.0	0.4	0.4	3.2807306622703085
4.694125110990154	1.0097869317122123e-12	0.17301025331911873	6.420537133051883e-14	0.17301027475641848	1.9830744201136756e-14	0.008464201188575961	1.4842906194875374e-15	0	0.9356488859465412	3.6678215927141964	-3.0403130020741274	1.5933048379790695	1.5932735876146715	0.9356150334686348	3.0403130020741274	0.009999999999999995	2.0	2.0	0.4	0.4	3.2218793866476236
4.3206479174053785	1.1025684617705359e-12	0.20018651454779587	7.374674327244393e-14	0.20018654430069813	9.224894301545235e-14	0.0128321659351111	6.417778317225856e-15	0	0.9444873843992392	3.7693845141581264	-3.064659659455201	1.6048160168859509	1.604786628995602	0.9444373325562406	3.064659659455201	0.012499999999999995	2.0	2.0	0.4	0.4	3.1641587252811654
4.014007986711592	3.238175708371093e-13	0.22354973248728024	2.8270634534329865e-14	0.22354977104265505	5.133427180959926e-15	0.01803479620634741	4.849699812204182e-16	0	0.9531792772894182	3.8756946361748943	-3.0897309022031814	1.616714565182979	1.6166869282842666	0.9531191752188808	3.0897309022031814	0.015000000000000003	2.0	2.0	0.4000000000000001	0.4000000000000001	3.1075637029740606
3.76388970103404	3.4454480420983466e-13	0.2437494305890817	6.232057736551246e-14	0.2437494781031305	2.033781796587929e-14	0.024049744809761023	2.9747018319867566e-16	0	0.9616821939848224	3.9875750386959172	-3.115623687080201	1.6290499199785295	1.629023930335422	0.9616167744148344	3.115623687080201	0.0175	2.0	2.0	0.4	0.4	3.052088288289314
3.56678471308954	2.1468566293701714e-13	0.261697321315312	1.0642626318251808e-12	0.2616973775808793	3.049452664324193e-12	0.030861025732307562	4.453647233360477e-13	0	0.9699477938270848	4.105684740186416	-3.142445020306207	1.6418766712560648	1.6418522375352118	0.9698809104250834	3.142445020306207	0.019999999999999997	2.0	2.0	0.4	0.4	2.997725422294234
12.833763392510235	1.5304995789241123e-11	0.04600626271485853	5.189672244491223e-14	0.04600626307150259	2.819612035947186e-13	0.00017914185977028747	1.0804600629331901e-15	0	0.8028038185417062	2.9546825864757085	-3.0518345149311377	1.592086276505828	1.5919477965010118	0.8050357473036577	3.0518345149311377	0.000999999999999994	2.0	2.0	0.6	0.6	3.4390600442094232
11.414796286875385	3.4162912279610696e-12	0.04918411704574383	1.516513129128104e-14	0.049184117549275486	1.193063241523807e-14	0.00023276579596136294	5.250429829571032e-17	0	0.8048216090898842	2.969155828086401	-3.0536892760181336	1.5929662280278	1.5928282219593084	0.8057911296584228	3.0536892760181336	0.0011999999999999962	2.0	2.0	0.6	0.6	3.434073610135725
10.767848476895196	1.890706060849981e-11	0.05418899109480146	1.1036143200891743e-13	0.054188991723561473	1.2642217118963792e-13	0.00030135868736341927	7.294323482266874e-16	0	0.8059400134257827	2.9788500789933434	-3.0555152598505186	1.5938306647650669	1.5936932653017248	0.8065257801181916	3.0555152598505186	0.0014000000000000089	2.0	2.0	0.6	0.6	3.429094468948998
10.361457194845784	5.894351914652539e-11	0.059646410008452125	3.7754139218936375e-13	0.059646410755135215	2.1906994811280679e-13	0.0003810565221979278	1.4005529113065435e-15	0	0.8068437891827814	2.9870594467273577	-3.0573338492376454	1.5946911380118436	1.594554390733265	0.8072540251221897	3.0573338492376454	0.0016000000000000105	2.0	2.0	0.6	0.6	3.424122620349848
10.063178649474137	3.217878748099467e-12	0.0652238235868861	2.335780588269075e-14	0.06522382444870134	4.989640908462797e-14	0.0004707411079516578	3.6320967070802786e-16	0	0.8076692571623483	2.9946219157680667	-3.0591506247367475	1.5955506632686811	1.5954145861189697	0.80797964819579	3.0591506247367475	0.0018000000000000032	2.0	2.0	0.6	0.6	3.4191580639928443
9.824737125065607	1.6511933329549025e-11	0.0708095690189375	1.3277515986447655e-13	0.07080956999502833	5.955461037566913e-14	0.0005699124455157137	4.709342968545621e-16	0	0.8084583740937529	3.001842816312905	-3.0609676027970787	1.5964103297156436	1.5962749298865182	0.8087040350880013	3.0609676027970787	0.0019999999999999944	2.0	2.0	0.6	0.6	3.4142007994865335
9.024901231765591	2.389634169554079e-13	0.09795490468115707	3.093112538717152e-15	0.09795490623596853	1.0961109489307649e-14	0.0012002055168905865	1.317734144935085e-16	0	0.8122218849130525	3.035954557413469	-3.0700753650304926	1.6007214753691432	1.6005894614738616	0.8123213366672338	3.0700753650304926	0.003000000000000009	2.0	2.0	0.5999999999999999	0.5999999999999999	3.389523837794453
8.500850455986082	4.983511655469264e-12	0.1235386323146844	8.143771186295978e-14	0.12353863447960498	7.0620921966053784e-15	0.0020437138453022643	9.104399448541636e-17	0	0.8158983260989844	3.0689694477524894	-3.079234080300957	1.6050608567035165	1.6049321615988483	0.8159401656649443	3.079234080300957	0.003999999999999995	2.0	2.0	0.6	0.6	3.365029087213313
8.099486061318695	6.956822169089674e-12	0.14777737990710782	1.4631268738092012e-13	0.14777738272288865	1.6494144616938654e-13	0.003091641081059345	3.4608878636911343e-15	0	0.8195531450606841	3.101708569714995	-3.0884477929753946	1.609430592586488	1.6093051338683508	0.8195634253408501	3.0884477929753946	0.004999999999999994	2.0	2.0	0.6	0.6	3.3407164471347164
7.770714902533387	2.665991433102057e-13	0.17090362273088724	5.278120289813291e-15	0.1709036262418709	1.524781489517461e-14	0.004338553674464386	3.4394452859165407e-16	0	0.823201187194113	3.1344115193717084	-3.0977175707930167	1.6138311980557558	1.6137088931359045	0.8231916714744439	3.0977175707930167	0.005999999999999992	2.0	2.0	0.6	0.6	3.3165857883409826
7.364617704210504	2.192643213770624e-12	0.20387462691823788	6.322904574518596e-14	0.203874631559162	8.141419880033582e-14	0.0065744429035048645	2.3084904308661165e-15	0	0.8286715629979717	3.1836218772193146	-3.1117287337019683	1.6204905989760068	1.62037287361887	0.828643573643436	3.1117287337019683	0.007499999999999994	2.0	2.0	0.6	0.6	3.2807306622703085
6.8317048533465945	2.8837724307272264e-11	0.2551655141718561	1.3612385133861428e-12	0.25516552092901906	6.577554177888889e-13	0.011259504756851186	2.9457106626472284e-14	0	0.8377991708524792	3.2664655254486834	-3.135369548648138	1.631747736009059	1.6316372567672268	0.8377548687456147	3.135369548648138	0.009999999999999995	2.0	2.0	0.6	0.6	3.2218793866476236
6.408878479270247	1.5668045845651234e-11	0.30282992951223064	9.564106899276391e-13	0.3028299386674831	1.1401263767753522e-12	0.017132214437283192	7.03938793448207e-14	0	0.8469474267864756	3.3507011072233666	-3.1593802228045385	1.643206494840387	1.6431028037261697	0.8468952111390122	3.1593802228045385	0.012499999999999995	2.0	2.0	0.6	0.6	3.1641587252811654
6.056049933677524	8.148081715515018e-12	0.34754992969564763	5.887235375384483e-13	0.3475499415008822	1.0703918493908109e-12	0.02419376403375241	7.998232095810835e-14	0	0.8561178471274309	3.4365793680731924	-3.1837722270428284	1.654872175230304	1.65477484198291	0.8560617409046183	3.1837722270428284	0.015000000000000003	2.0	2.0	0.6	0.6	3.1075637029740606
5.751947077805608	8.702602336979683e-11	0.389757070857164	8.049810066750294e-12	0.3897570855204791	6.741993068616425e-12	0.032454596379292835	6.331340971242706e-13	0	0.8653089365498771	3.52427629310433	-3.208558462622822	1.6667508449741917	1.6666594653832243	0.8652511208825971	3.208558462622822	0.0175	2.0	2.0	0.6	0.6	3.052088288289314
5.483911206257246	5.651999033404906e-13	0.4297406470223273	5.4448533925965306e-14	0.42974066472908007	2.990417506005836e-14	0.04193093611666861	2.843569394100636e-15	0	0.8745178421873574	3.613934129809468	-3.2337531734506184	1.6788492899557887	1.6787634844098491	0.8744595922103252	3.2337531734506184	0.019999999999999997	2.0	2.0	0.6	0.6	2.997725422294234
1259.0251091247699	1.5917851456317385e-07	4.599717878462205	5.819692080684446e-10	4.599717878465965	5.839905331223788e-10	0.01681795363237942	2.1351886783200303e-12	0	0.5569980094286558	2.0358461520919766	-3.2384579263424587	1.6622791129806789	1.661623016891297	0.5571463548978739	3.2384579263424587	0.000999999999999994	2.0	2.0	1.0	1.0	3.4390600442094232
987.0313733613173	1.0675546364937973e-07	4.333018719914487	4.691234479739288e-10	4.333018719908712	4.677543004791323e-10	0.01904103325244504	2.0554873612351506e-12	0	0.5577893909983607	2.041719481808204	-3.240357783880768	1.6632016269631973	1.662548662267699	0.5579019476283721	3.240357783880768	0.0011999999999999962	2.0	2.0	1.0	1.0	3.434073610135725
809.2703824067654	1.3902865854712825e-07	4.150289637111056	7.138644175059525e-10	4.150289637099628	7.125555353114699e-10	0.02131082768880785	3.658789969433316e-12	0	0.5585725745560167	2.047564729529796	-3.2422604822088474	1.6641256881978828	1.663475841488928	0.5586586086207732	3.2422604822088474	0.0014000000000000089	2.0	2.0	1.0	1.0	3.429094468948998
684.1704458889294	8.145358625920324e-08	4.015286891109241	4.787945226378692e-10	4.01528689110151	5.185641865120386e-10	0.023599583096861797	3.0477884307495307e-12	0	0.5593506448656189	2.053394610653286	-3.244165995379892	1.6650512820888739	1.6644045398871932	0.5594163242007171	3.244165995379892	0.0016000000000000105	2.0	2.0	1.0	1.0	3.424122620349848
591.3787034137524	7.710239825473202e-09	3.909700612824627	5.106035186910028e-11	3.909700612813313	5.077309493465539e-11	0.0258914660731798	3.3623798609901644e-13	0	0.5601254659027933	2.0592170534771532	-3.24607430399111	1.6659783978521852	1.66533474666269	0.5601750823045469	3.24607430399111	0.0018000000000000032	2.0	2.0	1.0	1.0	3.4191580639928443
519.8144766577105	5.172563749898405e-08	3.823440737822536	3.81170401074664e-10	3.823440737810104	3.8098942741982053e-10	0.02817714945010157	2.807394550054707e-12	0	0.5608982192260592	2.0650372510138717	-3.2479853915003463	1.6669070261468568	1.6662664525384678	0.5609348716364098	3.2479853915003463	0.0019999999999999944	2.0	2.0	1.0	1.0	3.4142007994865335
318.3319658332383	3.705154338402079e-09	3.5350855803399104	4.127829932539808e-11	3.5350855803198717	4.1358472481487976e-11	0.039381036479464886	4.607535529144787e-13	0	0.5647513030569226	2.0941989970000674	-3.2575820770988577	1.6715726068545131	1.670947220554906	0.5647489199284524	3.2575820770988577	0.003000000000000009	2.0	2.0	1.0	1.0	3.389523837794453
224.77509156214603	1.0242571362803931e-08	3.3495331680017006	1.533184942757273e-10	3.3495331679702214	1.5285175588274823e-10	0.050137077190103296	2.2879496538306366e-12	0	0.5686086327412727	2.1235734895230247	-3.267246620694209	1.6762750730561686	1.6756645427097536	0.5685872603611304	3.267246620694209	0.003999999999999995	2.0	2.0	1.0	1.0	3.365029087213313
171.1325161626859	1.7708605790535386e-09	3.2078747267891674	3.3368512974668807e-11	3.207874726751009	3.4811089134417795e-11	0.06048549353242059	6.566334637403473e-13	0	0.5724809661369004	2.153223450505974	-3.276978093549124	1.6810138799345995	1.6804178789902702	0.57244881966832	3.276978093549124	0.004999999999999994	2.0	2.0	1.0	1.0	3.3407164471347164
136.5982193260162	4.0873722367102614e-08	3.091823269970256	9.318831841978128e-10	3.0918232699234904	9.339350148527856e-10	0.07049871368710599	2.1291557941728747e-11	0	0.5763714566329389	2.1831734141968338	-3.2867757887500852	1.685788602312433	1.685206809048185	0.5763326404100574	3.2867757887500852	0.005999999999999992	2.0	2.0	1.0	1.0	3.3165857883409826
103.2791180624366	3.852503732980916e-09	2.9490828817747325	1.10967040992297e-10	2.949082881707572	1.1416600731859696e-10	0.08503488931291299	3.2850012759521674e-12	0	0.5822429882992927	2.228685003908966	-3.3015952781929747	1.6930172763755629	1.6924562022942329	0.5821982083229317	3.3015952781929747	0.007499999999999994	2.0	2.0	1.0	1.0	3.2807306622703085
71.56295167479202	1.0453167878613047e-11	2.7657541360551603	3.668551543428002e-13	2.765754135960597	2.0362763190384404e-12	0.10841051280048736	8.111266460644354e-14	0	0.5921232572114488	2.306140980384745	-3.3266185664555104	1.7052402819369668	1.7047122028249415	0.5920737492265742	3.3266185664555104	0.009999999999999995	2.0	2.0	1.0	1.0	3.2218793866476236
53.59762206362592	1.832057582732101e-10	2.6274184266973077	9.160382439939141e-12	2.6274184265921217	9.819659410486293e-12	0.13125916358109774	4.907206310813565e-13	0	0.6021150796324304	2.3856233370472912	-3.3520420684612704	1.717679061551272	1.7171821253542483	0.6020638013404775	3.3520420684612704	0.012499999999999995	2.0	2.0	1.0	1.0	3.1641587252811654
42.23125842626332	1.5398170047673274e-10	2.5200011524190327	9.412884793338619e-12	2.5200011523199684	1.652858091238196e-11	0.1540404725040757	1.001159897885222e-12	0	0.6122093156972168	2.4671353488000283	-3.3778609837568863	1.7303303771474523	1.7298628122300856	0.6121576363425796	3.3778609837568863	0.015000000000000003	2.0	2.0	1.0	1.0	3.1075637029740606
34.497689978514664	4.759772256993193e-10	2.4354159945756835	3.462387364432252e-11	2.43541599452526	3.0259505254853784e-11	0.17710119479138214	2.199013180470796e-12	0	0.6223966102117999	2.5506711872994203	-3.4040713120457684	1.7431914280815042	1.7427515430046872	0.6223452482122198	3.4040713120457684	0.0175	2.0	2.0	1.0	1.0	3.052088288289314
28.955949831813943	4.0405446012345594e-11	2.3684448240403038	3.3906914910166e-12	2.36844482406606	2.4525608836690256e-12	0.2007154247624101	2.0568076109813447e-13	0	0.6326679500022261	2.6362227712270774	-3.4306698545134706	1.756259854461653	1.755846037026962	0.6326173127921374	3.4306698545134706	0.019999999999999997	2.0	2.0	1.0	1.0	2.997725422294234