SigmaEL	SigmaET	SigmaAlphaL	SigmaAlphaT	SigmaAlphaBarL	SigmaAlphaBarT	SigmaKappaL	SigmaKappaT	basis_angle	rhoH	S	Ttt	Txx	Tyy	rho	EInternal	T	Ax	Ay	Gx	Gy	mu
471.56458543840284	3.198800512131758e-08	1.3741076153697231	9.299512927838023e-11	1.3741076153618097	9.376387135091226e-11	0.004012571946834537	2.7257273432242767e-13	0	0.3002603919798978	1.096385028852689	-0.2159408430710444	0.10829624744980736	0.1082962000805771	0.3010642926976431	0.2159408430710444	0.0008000000000000014	0.2	0.2	0.2	0.2	3.4440537714234423
282.50033907697826	1.2276760897316026e-09	1.0317155818936883	4.4612106264874154e-12	1.0317155819090573	3.913857414493484e-12	0.0037813375558044936	1.4197154331393051e-14	0	0.30147362796426985	1.1016488624024259	-0.2163972098897452	0.10852465557799748	0.10852464774949769	0.30150015011048076	0.2163972098897452	0.000999999999999994	0.2	0.2	0.2	0.2	3.4390600442094232
270.90014219342936	1.0712691658418295e-08	1.4895734635522526	5.915593243031852e-11	1.4895734635783762	5.804718474567568e-11	0.008221029538377457	3.2051749075802583e-13	0	0.3025499899758699	1.1095361381156579	-0.2175069410989159	0.10907967554446255	0.10907966783588915	0.30256073410595313	0.2175069410989159	0.0014999999999999907	0.2	0.2	0.2	0.2	3.4266076330964865
267.8911736408384	6.459853561808151e-10	1.9711302802879105	4.8225601818004955e-12	1.9711302803248203	4.966289826087329e-12	0.014558020275275498	3.7050215607180316e-14	0	0.3036171988185913	1.1174029339819587	-0.21862385619032473	0.10963827897062911	0.10963827138594569	0.30362451987897543	0.21862385619032473	0.0019999999999999944	0.2	0.2	0.2	0.2	3.414200799486534
263.6222306356415	4.3847812579725196e-09	3.935536680251102	6.573157528328233e-11	3.935536680340617	6.119686525721515e-11	0.05897710217145284	9.172462025639053e-13	0	0.30791338352743064	1.1493681578774095	-0.2231699694529804	0.11191190218839933	0.1119118950659469	0.30791652811937037	0.2231699694529804	0.003999999999999995	0.2	0.2	0.2	0.2	3.365029087213313
262.05881560659964	6.95900095628149e-10	5.953160752619589	1.589396618644455e-11	5.953160752747315	1.5330874909842733e-11	0.1357578353742026	3.502470827309664e-13	0	0.31226626519331235	1.1822285284959129	-0.22784496355491757	0.11424994606999789	0.11424993929995216	0.31226808502929126	0.22784496355491757	0.0059999999999999915	0.2	0.2	0.2	0.2	3.3165857883409826
261.26839188240007	1.8313603280227126e-09	8.028075436362895	5.654197014712954e-11	8.02807543654757	5.564398517858846e-11	0.24763420358313976	1.7181201318397566e-12	0	0.31667806297553575	1.2160174549910678	-0.23265264582533163	0.1166543162389268	0.1166543097422091	0.3166792367985087	0.23265264582533163	0.007999999999999998	0.2	0.2	0.2	0.2	3.268869755322983
260.77375491052334	9.201142594615648e-10	10.160954774866966	3.604748934102445e-11	10.160954775104537	4.018903948078614e-11	0.3974514961118376	1.5758495821423198e-12	0	0.32114911084378295	1.2507570799526073	-0.23759682111093453	0.11912691536084116	0.11912690918076188	0.32114991015380395	0.23759682111093453	0.009999999999999997	0.2	0.2	0.2	0.2	3.221879386647624
259.65529525535106	7.552432494484503e-10	15.730120978290515	4.5865442700401003e-11	15.730120978682947	4.747446413293809e-11	0.9566576435062509	2.8866639134108183e-12	0	0.33258572803673037	1.3418988668211134	-0.2505800182100279	0.12561972039053707	0.12561971482206705	0.33258606070030544	0.2505800182100279	0.015000000000000005	0.2	0.2	0.20000000000000004	0.20000000000000004	3.1075637029740606
257.73003096566123	2.3412080680165312e-09	21.575734995792715	1.96861254861066e-10	21.575734996310697	2.043758381662352e-10	1.8133115370859048	1.7198820894200085e-11	0	0.344390036478439	1.4394190842036456	-0.26450331402272736	0.13258247868722578	0.13258247369806067	0.34439016427438207	0.26450331402272736	0.019999999999999993	0.2	0.2	0.2	0.2	2.997725422294234
249.66507171425383	1.2795445407133274e-07	33.65657988954846	1.7335451437817253e-08	33.65657989101039	1.6264261829429773e-08	4.555685839493348	2.2032900124654982e-09	0	0.3690821118769166	1.6547858124848704	-0.29543562263657464	0.14805060394253028	0.14805059998360887	0.3690820787043179	0.29543562263657464	0.02999999999999999	0.2	0.2	0.2	0.2	2.7912242752478287
235.86259567019746	1.0922224332099166e-10	45.465061896569296	2.1452300567950985e-11	45.46506189780499	7.166057151980133e-12	8.80207641526518	1.426835804842479e-12	0	0.3951721274958417	1.8991446647550054	-0.3309535879698971	0.16581129377446235	0.16581129061194733	0.39517204748861545	0.3309535879698971	0.039999999999999994	0.2	0.2	0.2	0.2	2.601717865394446
218.1075757760702	1.885363990031355e-09	56.281952050313734	4.889648290554198e-10	56.28195205189822	5.677405169351012e-10	14.592401081735279	1.4750334791413612e-10	0	0.4225885442346446	2.1746036666343174	-0.3716609757446013	0.18616651478589943	0.186166512375053	0.4225884554654965	0.3716609757446013	0.049999999999999996	0.2	0.2	0.2	0.2	2.4283509581069276
198.84512582334182	6.010621496269452e-10	65.83397665414988	2.0057836251435447e-10	65.83397665602733	2.6114714397317927e-10	21.911109729444792	8.718937363251284e-11	0	0.45124695397925924	2.4830594798195897	-0.41820132698633283	0.20943811779467233	0.20943811582137295	0.4512468704369014	0.41820132698633283	0.059999999999999984	0.2	0.2	0.2	0.2	2.2701245741966263
180.07921083566362	6.699600365287933e-10	74.23372021338426	2.824393950967898e-10	74.23372021586701	2.7730487938776444e-13	30.78077899341242	1.403010095090888e-12	0	0.4810554301400406	2.8261826866453736	-0.471253390817807	0.23596555213507361	0.2359655506854481	0.48105535649352993	0.471253390817807	0.07000000000000002	0.2	0.2	0.2	0.2	2.1259504410758425
162.99727519280074	9.349021590906763e-10	81.79168650767086	4.740029997184297e-10	81.79168651048543	4.757317673797966e-10	41.311640478018184	2.413405679929028e-10	0	0.511919303026311	3.2054195575777458	-0.531526540990854	0.26610357637092114	0.2661035753471967	0.511919240007554	0.531526540990854	0.08000000000000002	0.2	0.2	0.2	0.2	1.994700908962646
148.07909487953265	2.704354565251794e-10	88.85590681861056	1.6548336882356155e-10	88.8559068220496	1.6295076478799228e-10	53.70679875824889	9.942459835364973e-11	0	0.5437449724424094	3.6220058357296177	-0.5997564638386098	0.30022007688170743	0.30022007594399436	0.5437449192307857	0.5997564638386098	0.09	0.2	0.2	0.2	0.2	1.8752507613188503
135.3564886479731	3.2822154769656877e-09	95.72851479947046	2.35122840125804e-09	95.72851480371898	2.409374734987846e-09	68.24688578092454	1.7218210953671724e-09	0	0.5764426412834155	4.076987541902149	-0.676701201811482	0.33869414481345117	0.33869414386810537	0.5764425965173098	0.676701201811482	0.1	0.2	0.2	0.2	0.2	1.7665093782759966
44.633408732487126	2.496196958435138e-09	0.13002686116733472	7.038635628702219e-12	0.13002686127022917	7.036884254192222e-12	0.0003876710408104815	1.9844493782715217e-14	0	0.3805261233147853	1.389631864948344	-0.39122839861138964	0.19893790845499879	0.19893762879281052	0.38089473405038543	0.39122839861138964	0.0008000000000000014	0.6	0.6	0.2	0.2	3.4440537714234423
45.403994320205115	7.958573529142512e-10	0.1652913150966724	2.7228735428391125e-12	0.1652913153055203	2.7207052901276217e-12	0.0006155841207991057	9.272834683143111e-15	0	0.3811448125427026	1.3933131909056657	-0.39180090295687714	0.19922393447969286	0.1992238539400283	0.3813392026561294	0.39180090295687714	0.000999999999999994	0.6	0.6	0.2	0.2	3.4390600442094232
43.157024516730516	2.5689748051746268e-11	0.2365818787445951	1.4960496191954943e-13	0.23658187911489026	1.5134544529243322e-13	0.0013284908113465022	8.765229760989621e-16	0	0.38236449605196643	1.4023829136174215	-0.39324399026948886	0.1999453443039094	0.19994526275103808	0.38245229358883764	0.39324399026948886	0.0014999999999999907	0.6	0.6	0.2	0.2	3.4266076330964865
42.41590378442279	4.949444201535956e-12	0.3110645839387377	3.6641861171433095e-14	0.3110645844627452	1.0500696500941724e-13	0.0023379082107278337	7.902679399338366e-16	0	0.383505103378022	1.4110032610265588	-0.39469206562439174	0.20066919863688715	0.20066911853190011	0.3835654745163459	0.39469206562439174	0.0019999999999999944	0.6	0.6	0.2	0.2	3.414200799486534
41.00771202575932	1.5812999458550037e-10	0.6094357128973432	3.0533431558012824e-12	0.6094357140986262	3.195746156750305e-12	0.009291544606114678	5.78834833040953e-14	0	0.38802132546530455	1.4454456164840763	-0.40056416701498715	0.2036044426786785	0.20360436702649382	0.3880468705077281	0.40056416701498715	0.003999999999999995	0.6	0.6	0.2	0.2	3.365029087213313
40.19519141212322	1.270622345336848e-12	0.9079179262278125	2.3199197562597183e-14	0.9079179282085655	7.082118954756088e-13	0.02105295531047459	1.739893726527171e-14	0	0.39256387452961194	1.480557612165256	-0.40657024330322783	0.20660660665223435	0.20660653453579975	0.3925783779561036	0.40657024330322783	0.0059999999999999915	0.6	0.6	0.2	0.2	3.3165857883409826
39.56613554298958	2.1016338299280807e-10	1.2074344205986651	6.58113482365112e-12	1.2074344234445245	7.340861959546219e-12	0.03784892231161272	2.2943813296257983e-13	0	0.39715164024052624	1.5165063253995368	-0.41271441681352283	0.20967776343804267	0.20967769436510117	0.3971608128139281	0.41271441681352283	0.007999999999999998	0.6	0.6	0.2	0.2	3.268869755322983
39.01664256304462	3.444741815251796e-10	1.5081046350541074	1.3240493506041839e-11	1.5081046388225656	1.3026668038052536e-11	0.059911038308390153	5.002409043713816e-13	0	0.4017881881584375	1.5533462666729294	-0.41900043340498916	0.21281979057157874	0.21281972434101984	0.401794313739528	0.41900043340498916	0.009999999999999997	0.6	0.6	0.2	0.2	3.221879386647624
37.75146313432439	5.2295945351943376e-14	2.2621427471607447	6.558400201596851e-14	2.2621427533174088	1.42047483667709e-13	0.13951657092093744	4.901602080569673e-15	0	0.4135985916378961	1.6495671124084543	-0.43536106586203155	0.22099745990966493	0.2209973996093341	0.41360103002292614	0.43536106586203155	0.015000000000000005	0.6	0.6	0.20000000000000004	0.20000000000000004	3.1075637029740606
36.47470823785032	2.828022896794187e-11	3.0113904313698767	1.973576719436065e-12	3.0113904396925784	3.5683580768733157e-12	0.25631259216468816	3.4706957750894246e-13	0	0.42572280675637725	1.7520190461040306	-0.45269395378757044	0.22966103770158508	0.22966098264897683	0.4257236504353344	0.45269395378757044	0.019999999999999993	0.6	0.6	0.2	0.2	2.997725422294234
33.70793490430246	1.1001162296631747e-10	4.453777888020352	1.409092806642792e-11	4.453777898603135	2.991436929814952e-11	0.6091637247033704	3.867634543378079e-12	0	0.45089407207003424	1.977157175742777	-0.49054440059682636	0.24858017778123115	0.24858013296477896	0.4508933492226769	0.49054440059682636	0.02999999999999999	0.6	0.6	0.2	0.2	2.7912242752478287
30.791558523100232	6.280301973944275e-11	5.777169313424349	1.1797963529387339e-11	5.777169322660957	8.700789143711477e-12	1.1280491181449845	1.6052988801927182e-12	0	0.47724034177978536	2.2316337993324606	-0.5331273514422622	0.269865632149416	0.26986559726244425	0.4772388145248548	0.5331273514422622	0.039999999999999994	0.6	0.6	0.2	0.2	2.601717865394446
27.994231863983032	5.267661379795395e-11	6.9751876246159945	1.4211224796084603e-11	6.975187630001901	7.848033948529205e-12	1.8204880222216724	2.1911886853729678e-12	0	0.5046757282614986	2.5179525819602344	-0.5810746048132354	0.29383392074493814	0.29383389423958606	0.5046740319764761	0.5810746048132354	0.049999999999999996	0.6	0.6	0.2	0.2	2.4283509581069276
25.505913078313828	8.490978674627164e-12	8.080397729162055	3.0249143375549687e-12	8.080397730511626	1.8735072183125034e-12	2.701208807321387	7.459135309770108e-13	0	0.5331061378683175	2.8381474251805927	-0.6350598362632492	0.32082245222515565	0.3208224318543798	0.5331046547759806	0.6350598362632492	0.059999999999999984	0.6	0.6	0.2	0.2	2.2701245741966263
23.39451073727929	1.873509610824705e-10	9.137971800214089	8.194844016388758e-11	9.13797179929506	3.967408339892056e-11	3.7960752877801034	1.8264172483060474e-11	0	0.5624421587649603	3.1937850992008614	-0.695785392231152	0.3511829039571212	0.35118288823570837	0.5624409786444223	0.695785392231152	0.07000000000000002	0.6	0.6	0.2	0.2	2.1259504410758425
21.643484142148846	2.946036501169955e-12	10.187268538391669	1.5569672807428927e-12	10.187268537831883	5.374662532928119e-13	5.141015225934857	3.012718915235481e-13	0	0.592605605224249	3.586070225534741	-0.7639746763889067	0.3852774071089328	0.3852773949165051	0.5926046852649842	0.7639746763889067	0.08000000000000002	0.6	0.6	0.2	0.2	1.994700908962646
20.20044020112718	6.680442097997092e-12	11.256264684122522	4.659903669073872e-12	11.25626468643609	1.6710984058740986e-12	6.7795181489245495	1.3294119741530361e-12	0	0.6235296570977654	4.015962933391541	-0.8403689383399996	0.42347694128356966	0.42347693152341354	0.623528931809362	0.8403689383399996	0.09	0.6	0.6	0.2	0.2	1.8752507613188503
19.00764453566665	5.927299430424435e-11	12.363224037335236	4.1041652980985786e-11	12.363224044603728	1.7157522821404168e-11	8.76094911522533	1.3128904890498813e-11	0	0.655156204549893	4.484260815245883	-0.9257257480173101	0.46616056307182796	0.4661605551713589	0.6551556207876831	0.9257257480173101	0.1	0.6	0.6	0.2	0.2	1.7665093782759966
25.774018654850902	1.2877574781556671e-11	0.0746008794895131	1.1652736665459637e-13	0.0746008795274667	1.333968307745863e-13	0.00022498189135534494	5.959172307070663e-16	0	0.5180806054204808	1.8927454885444335	-0.757612726468513	0.3901169929149516	0.39011629350225363	0.5194338448531785	0.757612726468513	0.0008000000000000014	1.0	1.0	0.2	0.2	3.4440537714234423
22.683155176087492	1.0161952271702808e-09	0.08220393281961963	3.308289443729791e-12	0.0822039333907024	3.296899461169018e-12	0.000312303850936863	1.0558130257662181e-14	0	0.5195170423918876	1.9000726369654781	-0.7584414374248023	0.3905283589856727	0.3905279468165515	0.5199460042867021	0.7584414374248023	0.000999999999999994	1.0	1.0	0.2	0.2	3.4390600442094232
21.221031555579412	4.826108719790671e-11	0.11578318909035047	1.7555336420497448e-13	0.11578319018020598	2.0368170671490703e-13	0.000664785768503729	6.413454629529843e-16	0	0.5209805576207284	1.9114284270612465	-0.7604815498718331	0.39154076105387303	0.39154033436697744	0.5211895948456498	0.7604815498718331	0.0014999999999999907	1.0	1.0	0.2	0.2	3.4266076330964865
20.716661475360915	2.6759183291699033e-11	0.15116725406520132	2.0554898702815396e-13	0.15116725566097308	2.293220689291499e-13	0.0011626302934410024	1.7565699838500907e-15	0	0.5222833047528237	1.921796907346217	-0.7625256418203973	0.39255506292241993	0.3925546415781923	0.5224295187051001	0.7625256418203973	0.0019999999999999944	1.0	1.0	0.2	0.2	3.414200799486534
19.704881706758968	5.397405430689285e-12	0.29102051866790246	9.129293184315316e-14	0.2910205226653382	1.2124829985309937e-13	0.004547741735123869	1.8777614492250938e-15	0	0.5273422136756108	1.9624087208356795	-0.770794266794746	0.3966585038655916	0.396658102510416	0.5274045375431746	0.770794266794746	0.003999999999999995	1.0	1.0	0.2	0.2	3.365029087213313
19.073359395192647	7.090911232673399e-12	0.4275880052146708	1.672277254256267e-13	0.42758801218252634	2.5362762365838736e-13	0.010173232142835404	5.862353440421508e-15	0	0.5323763820993163	2.003363127972433	-0.7792198365893789	0.40084070468052535	0.4008403214086627	0.5324118708719643	0.7792198365893789	0.0059999999999999915	1.0	1.0	0.2	0.2	3.3165857883409826
18.558927549323748	6.980875531957685e-11	0.5612903848642745	1.873234867602603e-12	0.5612903952195696	2.1697006169354534e-12	0.018068091753800492	6.00371713731862e-14	0	0.5374295721965521	2.045089054920379	-0.7878072013997236	0.40510412070628454	0.4051037544957796	0.5374523010703937	0.7878072013997236	0.007999999999999998	1.0	1.0	0.2	0.2	3.268869755322983
18.098605835971245	1.916170421237091e-11	0.6921537555579533	7.990288629706929e-13	0.692153769537468	3.2180528663649703e-13	0.02825708541387717	1.3094517717709454e-14	0	0.5425098137156851	2.087723175344857	-0.796560731382992	0.40945095303949325	0.40945060356385	0.5425250853534995	0.796560731382992	0.009999999999999997	1.0	1.0	0.2	0.2	3.221879386647624
17.05727759840579	2.098139714094649e-12	1.0060128051888197	1.228416354614135e-13	1.0060128280191785	3.2271894076952117e-14	0.06384773510492275	2.333189205734461e-15	0	0.5553362309103063	2.1987832162611007	-0.8192030444956646	0.42069885478017344	0.4206985475029641	0.5553398753405986	0.8192030444956646	0.015000000000000005	1.0	1.0	0.20000000000000004	0.20000000000000004	3.1075637029740606
16.112395638255563	4.4618399510067387e-13	1.3000662147963802	4.693432986446162e-14	1.3000662440268083	7.098895669531079e-13	0.11392205163157076	6.203824502279977e-14	0	0.5683271136907232	2.316945416212984	-0.842996010831742	0.4325245857728096	0.43252431842527794	0.5683219016804051	0.842996010831742	0.019999999999999993	1.0	1.0	0.2	0.2	2.997725422294234
14.557455670273791	5.663008059742918e-13	1.8420706467077348	1.437800737244441e-13	1.8420706745942397	4.761795332882747e-12	0.25843250467690093	6.436198361849997e-13	0	0.5946572665241615	2.5773002782025274	-0.894414832173977	0.45810135667299856	0.4581011451489204	0.5946463003351647	0.894414832173977	0.02999999999999999	1.0	1.0	0.2	0.2	2.7912242752478287
13.532177713091562	7.909598572816187e-12	2.3716592407872814	1.5205642368704477e-12	2.371659245549341	1.234255894416288e-12	0.46993619849145135	2.2484203491528563e-13	0	0.6212626955673661	2.871531749774678	-0.9515638609447873	0.48655673200784144	0.48655656484899196	0.6212554146308131	0.9515638609447873	0.039999999999999994	1.0	1.0	0.2	0.2	2.601717865394446
12.877061670835865	7.671229906447007e-13	2.928309660574177	2.2550586837658834e-13	2.928309623948562	1.8166454922704398e-13	0.7651310765298746	5.972348085502008e-14	0	0.648149891616873	3.1984266454501973	-1.0149960393284452	0.518167580620876	0.518167452868592	0.648144873838669	1.0149960393284452	0.049999999999999996	1.0	1.0	0.2	0.2	2.4283509581069276
12.386060235295156	6.866018316312549e-13	3.513242035807201	1.980005110282953e-13	3.5132419510061523	2.1174727271117632e-13	1.161321144317026	8.931089745945622e-14	0	0.6754667204411818	3.5569845413354164	-1.0851739587606626	0.5531648214575635	0.5531647240950478	0.6754627576969461	1.0851739587606626	0.059999999999999984	1.0	1.0	0.2	0.2	2.2701245741966263
11.964207811156035	1.6678315244653164e-12	4.119736735023411	5.431388759220467e-13	4.11973660713655	8.853132483329945e-13	1.675581350687337	3.61465022456923e-13	0	0.703319182756952	3.9478581201848653	-1.1626452376056904	0.5918221904591757	0.5918221161494019	0.7033158787093037	1.1626452376056904	0.07000000000000002	1.0	1.0	0.2	0.2	2.1259504410758425
11.581303939975152	2.383019981618732e-13	4.745024569358817	2.293849826023777e-14	4.745024410478964	1.7433764415376551e-12	2.3268929291634377	1.067235576569451e-12	0	0.7317506640305085	4.372348114564737	-1.2480469261028808	0.6344583612586567	0.6344583041155121	0.7317478563091367	1.2480469261028808	0.08000000000000002	1.0	1.0	0.2	0.2	1.994700908962646
11.228971707345986	8.108082106951366e-14	5.389519336887055	7.729390533007821e-14	5.389519161607083	2.0344883804881328e-13	3.1369968894172686	1.3457171356738217e-13	0	0.7607695039024872	4.831776173927859	-1.3420712272834514	0.6814195615464816	0.6814195170371006	0.7607670979129634	1.3420712272834514	0.09	1.0	1.0	0.2	0.2	1.8752507613188503
10.90483305628239	2.5883229715906997e-12	6.055128925658147	1.7613276014131413e-12	6.055128748122888	1.6256837907642261e-12	4.130595567088076	1.2480109748690298e-12	0	0.7903669792352259	5.327310458798206	-1.445444662327085	0.7330690418092427	0.7330690068269577	0.790364906927337	1.445444662327085	0.1	1.0	1.0	0.2	0.2	1.7665093782759966
10.933284594725773	1.9092037690162766e-12	0.07920209051719315	1.6454200047174175e-14	0.07920209423184471	1.425027195500867e-14	0.000639697822860838	1.2933735757904697e-16	0	0.6945999611236598	2.5661166942353493	-1.3716360403414019	0.7137883561208648	0.7137868630205753	0.6948938056440458	1.3716360403414019	0.0019999999999999944	1.4	1.4	0.2	0.2	3.414200799486534
10.306342847051676	1.2967703180128196e-12	0.11262281726683233	1.1861430767252368e-14	0.1126228241028561	1.0135064191103177e-14	0.001387317028778226	5.041256315663083e-17	0	0.6975974661893014	2.595522556407061	-1.3773516047228485	0.716575103321659	0.7165736594886091	0.6977804585444005	1.3773516047228485	0.0030000000000000096	1.4	1.4	0.2	0.2	3.389523837794453
9.849848361533796	2.268631373293896e-13	0.14424230875713087	3.542809517596235e-15	0.14424231935891735	1.1847311046929283e-14	0.002405965196214555	1.9091067085131947e-16	0	0.7005339261327869	2.6249664507966832	-1.3831417067942797	0.7194000482219275	0.7193986427152569	0.7006497667013382	1.3831417067942797	0.003999999999999995	1.4	1.4	0.2	0.2	3.365029087213313
9.475877622863706	3.946933315159253e-13	0.174197302356736	4.464491160581871e-15	0.1741973172928209	2.292081538662186e-14	0.003686256173559654	4.788969787914752e-16	0	0.7034330452841778	2.6548554415552768	-1.3890115928357027	0.7222658781324617	0.7222644959818124	0.7034993992103883	1.3890115928357027	0.004999999999999994	1.4	1.4	0.2	0.2	3.340716447134716
9.157335065437092	1.1874660377083117e-12	0.20266392106748124	1.7676057701436175e-14	0.20266394081555622	1.6039508142441165e-14	0.005220049824492546	2.6136523205524295e-16	0	0.7062962262353847	2.685408052589016	-1.394967170222872	0.7251756122279487	0.7251742387944997	0.7063254041212406	1.394967170222872	0.0059999999999999915	1.4	1.4	0.2	0.2	3.3165857883409826
8.884548073771139	7.046417222002752e-13	0.22986770319479086	8.092771580567227e-15	0.22986772812374298	8.831378396248e-15	0.007000822521260238	5.802816620988819e-16	0	0.7091189915467785	2.7167929459051607	-1.4010155304405387	0.7281328731923105	0.728131499108332	0.7091227436568867	1.4010155304405387	0.007000000000000009	1.4	1.4	0.2	0.2	3.292636953106783
8.655435575989452	4.5683792551345604e-12	0.25613271605165283	1.1583017318181735e-13	0.25613274638790745	3.499448488305481e-13	0.00902547252813444	1.0183616011757724e-14	0	0.7118957878460872	2.7491506453189793	-1.407164845364724	0.7311418338821235	0.7311404584796407	0.7118854840113684	1.407164845364724	0.007999999999999998	1.4	1.4	0.2	0.2	3.268869755322983
8.471387198181315	3.307848371072014e-13	0.28191413514755886	1.5355396070182976e-14	0.2819141709163056	1.8401451891050982e-14	0.011297220127990499	7.534650422283002e-16	0	0.7146224424514018	2.7825772989233357	-1.4134235282781904	0.7342067884144169	0.7342054196160532	0.7146073974746051	1.4134235282781904	0.009000000000000001	1.4	1.4	0.2	0.2	3.2452839806424563
8.334160280164856	6.625995225746279e-13	0.30777897658094255	5.649967173404376e-14	0.3077790175313599	4.728402727448726e-15	0.013828444515319463	5.339632376795011e-16	0	0.7172974481593096	2.8170873740551725	-1.4197983756016337	0.7373311997834783	0.7373298502727751	0.7172833216052636	1.4197983756016337	0.009999999999999997	1.4	1.4	0.2	0.2	3.221879386647624
8.243136120381712	9.352021379527287e-12	0.33431215193789465	6.169052606368186e-13	0.33431219749006236	3.506183847355828e-13	0.016641216790508256	2.386928576158502e-14	0	0.7199223624954199	2.8525783169803205	-1.4262920826592158	0.7405164243357694	0.7405151063215958	0.7199110572954488	1.4262920826592158	0.011000000000000001	1.4	1.4	0.2	0.2	3.1986557030393925
8.182507769787206	1.007548722094568e-12	0.3763247692893545	6.259561828891728e-14	0.3763248200182955	1.59011877635827e-14	0.021450486012408385	1.129701479913231e-15	0	0.72377637711592	2.9071551125027777	-1.4362472807692308	0.745404008009338	0.7454027513373255	0.7237681380324756	1.4362472807692308	0.012499999999999997	1.4	1.4	0.2	0.2	3.1641587252811654
8.215437811728563	3.4825962689797896e-12	0.4532904128769119	1.324082861639438e-13	0.45329046696449493	1.1175107850804085e-13	0.03125245007941721	5.184387689424516e-15	0	0.730040050996634	2.9994352598509666	-1.453331976872239	0.7538015612392116	0.753800413458483	0.730031837911226	1.453331976872239	0.015000000000000005	1.4	1.4	0.20000000000000004	0.20000000000000004	3.1075637029740606
8.44297234706658	4.0494356838920524e-13	0.6269134547765365	4.2475436845509474e-14	0.626913502737657	2.9143266246614176e-13	0.05836026097569749	2.955322753607376e-14	0	0.7423221927887262	3.1814052224483937	-1.4888914145156298	0.7713044431302557	0.7713034775984728	0.7423102720940655	1.4888914145156298	0.019999999999999993	1.4	1.4	0.2	0.2	2.997725422294234
8.852598857567381	2.4720858117756573e-11	1.016292250541786	3.6211728288369645e-12	1.016292252107409	1.6203554869470322e-12	0.1464080394162461	1.4542204987509035e-13	0	0.7668479505713701	3.5371742787245766	-1.5646019138813305	0.8086408140534236	0.8086401070664458	0.7668336916899964	1.5646019138813305	0.02999999999999999	1.4	1.4	0.2	0.2	2.7912242752478287
9.087893540179296	2.5394920185921546e-12	1.4379641109667902	4.131967375299592e-13	1.437964019595847	3.731119714150765e-13	0.28682128027199905	3.345481235466829e-14	0	0.7917069962547428	3.899745113424934	-1.6464629043082506	0.8490941703943963	0.8490936450452946	0.7916934143824318	1.6464629043082506	0.039999999999999994	1.4	1.4	0.2	0.2	2.601717865394446
9.189498339804386	3.885266100614563e-12	1.8801104006112297	1.6776525727347298e-12	1.8801101797088187	1.6978414561320285e-13	0.48880804826988544	9.920083275657399e-14	0	0.8170244160987972	4.280524825457592	-1.7349192231227681	0.8928868185022106	0.8928864256938269	0.8170122308536837	1.7349192231227681	0.049999999999999996	1.4	1.4	0.2	0.2	2.4283509581069276
9.197422451588762	1.6969251792483034e-13	2.336705185852116	6.241242333020976e-14	2.3367048172537093	3.4521277539382784e-14	0.7624521556941873	6.404031446807877e-15	0	0.8428475347081551	4.685375981817923	-1.8305226389397358	0.9402952288014841	0.9402949330684958	0.8428368374125961	1.8305226389397358	0.059999999999999984	1.4	1.4	0.2	0.2	2.2701245741966263
9.141812888451698	3.04292996835652e-13	2.804910538214434	5.369239680968974e-13	2.8049100242057503	9.253041294580536e-13	1.1191931241274062	9.820974397937784e-14	0	0.869194815979054	5.117952296233568	-1.9338828483987	0.9916245813564067	0.991624357324997	0.8691855046968389	1.9338828483987	0.07000000000000002	1.4	1.4	0.2	0.2	2.1259504410758425
9.044993794775941	1.4373770760739492e-12	3.2839934687313366	5.947535695191948e-13	3.2839928284825572	4.411667786947708e-13	1.5721994492858982	1.881553195388201e-13	0	0.8960699605381663	5.580831499902826	-2.045652011879845	1.0472006278281099	1.0472004569140079	0.8960618814035185	2.045652011879845	0.08000000000000002	1.4	1.4	0.2	0.2	1.994700908962646
8.92320823177249	7.738529707295791e-13	3.7745533302509346	3.448778705099604e-13	3.7745525938109568	1.1723344014653937e-12	2.136605319741507	6.228524804018882e-13	0	0.9234682025681805	6.0759704834556985	-2.16651501083519	1.1073658003800877	1.1073656685822633	0.9234611953621624	2.16651501083519	0.09	1.4	1.4	0.2	0.2	1.8752507613188503
8.787996393913902	2.6116121062718046e-12	4.277949351641328	1.8100530256706824e-12	4.277948553833233	2.223933598351005e-14	2.8296395210933447	5.6398146835326356e-14	0	0.9513796491125627	6.604920546324366	-2.2971844716040124	1.1724741728805343	1.172474070401567	0.9513735655181333	2.2971844716040124	0.1	1.4	1.4	0.2	0.2	1.7665093782759966
4.238775198797242	1.8842436569923956e-08	0.05231834923661724	7.13858869836884e-10	0.05231837235353699	1.0189854967587028e-10	0.001108375848948585	7.649362173307868e-13	0	0.8813750548371365	3.52823419039449	-2.3228297307928782	1.2202728473203837	1.2202680888767228	0.8814988486401408	2.3228297307928782	0.003999999999999995	1.8	1.8	0.2	0.2	3.365029087213313
4.582354643523699	5.265700632729999e-13	0.08505426806512348	2.016237322083662e-14	0.08505428290205182	1.9085407895392523e-14	0.002640442349665659	7.360562378061091e-16	0	0.8866453353351624	3.704932880823793	-2.341364800222183	1.2291745421560247	1.2291708024662584	0.8866918935002429	2.341364800222183	0.0059999999999999915	1.8	1.8	0.2	0.2	3.3165857883409826
4.929456597687003	6.447197234244672e-13	0.12394683622070093	2.944537675580057e-14	0.12394685113928623	3.5266119194764345e-14	0.005021270356199382	1.808510605531212e-15	0	0.8916756852369608	3.848513678861091	-2.3604206429914045	1.2383491349819438	1.2383459348690635	0.8916842522591766	2.3604206429914045	0.007999999999999998	1.8	1.8	0.2	0.2	3.268869755322983
5.238216359913581	1.0355932298257413e-12	0.16728494928587698	3.851626295869131e-14	0.16728496719865066	1.1571133261213777e-14	0.008344783364610609	4.774420470779868e-16	0	0.8965853512683414	3.971681095192041	-2.379852904514753	1.247721044650796	1.2477181770265038	0.8965738636988555	2.379852904514753	0.009999999999999997	1.8	1.8	0.2	0.2	3.221879386647624
5.853266852421758	6.971634792097137e-13	0.28974753027944367	4.909258976560523e-14	0.2897475581963428	6.514251097654692e-15	0.021292478857900695	4.597341922371964e-16	0	0.9086288991399301	4.232343909642993	-2.4297615824272287	1.2718458955795453	1.271843545415235	0.9085961936291048	2.4297615824272287	0.015000000000000005	1.8	1.8	0.20000000000000004	0.20000000000000004	3.1075637029740606
6.308570935288703	1.4975442559542572e-12	0.4271521488732742	8.957393005590265e-14	0.427152181818166	8.204955723099233e-14	0.041731752338315865	2.398244714721914e-15	0	0.9205612237207172	4.460829874902164	-2.4813676330615864	1.2968567271391547	1.2968547340852887	0.920522193955562	2.4813676330615864	0.019999999999999993	1.8	1.8	0.2	0.2	2.997725422294234
6.935424499403821	1.1170854639113927e-12	0.7337574799627471	1.296683205098616e-13	0.7337574752189645	1.5512604587639237e-13	0.10903818224816161	2.2808669777627633e-14	0	0.944474163701344	4.886213808696159	-2.589492436519605	1.3494326991850707	1.3494312308026915	0.9444347648057627	2.589492436519605	0.02999999999999999	1.8	1.8	0.2	0.2	2.7912242752478287
7.331819882953569	1.1760534932734488e-13	1.0709216730955502	6.967217668861488e-15	1.0709215468782203	3.985043509088642e-14	0.21788292581372454	6.667901224382169e-15	0	0.968670028371932	5.3063528646291545	-2.7043532750677017	1.4054981845553463	1.4054970903549615	0.9686345697363284	2.7043532750677017	0.039999999999999994	1.8	1.8	0.2	0.2	2.601717865394446
7.581208252548941	2.3978047969660426e-11	1.4296181830721229	6.2886128493043304e-12	1.4296178567097477	4.138426867890383e-12	0.3758760288653055	1.0511844509056567e-12	0	0.993252372365896	5.738747983378565	-2.826376667501595	1.4652613013067834	1.4652604801026583	0.9932214634140033	2.826376667501595	0.049999999999999996	1.8	1.8	0.2	0.2	2.4283509581069276
7.7277582548363535	6.570757107140337e-13	1.8040176851263143	2.5196239518091057e-13	1.8040171030840142	1.0706321909180038e-13	0.5911009380254353	4.1527945990996634e-14	0	1.0182631828565425	6.191348344780465	-2.9560919016750384	1.5289834486173852	1.5289828276901734	1.018236525583208	2.9560919016750384	0.059999999999999984	1.8	1.8	0.2	0.2	2.2701245741966263
7.800195274362783	1.1700094939532178e-13	2.19053274800762	5.049664185644442e-15	2.190531884987774	1.934122888036424e-14	0.8725189378129836	1.8005553192979693e-14	0	1.043719947721366	6.668735290258916	-3.0940893304012507	1.5969566722402544	1.5969561995924686	1.0436970237013443	3.0940893304012507	0.07000000000000002	1.8	1.8	0.2	0.2	2.1259504410758425
7.819276125035026	1.6792124892230345e-12	2.5873002128154905	8.8387451785549e-13	2.587299073267182	1.1499223977538704e-12	1.2303032508042175	4.762216058419201e-13	0	1.069627951705439	7.173972244902291	-3.2410040087102563	1.6694948138506454	1.669494451390472	1.069608228638591	3.2410040087102563	0.08000000000000002	1.8	1.8	0.2	0.2	1.994700908962646
7.800599238859418	2.44128009988479e-12	2.9937353700305724	1.4481233069087177e-12	2.993733982921599	1.930368437000266e-12	1.6760851753417259	1.0039742808974897e-12	0	1.095985583203714	7.709308704525715	-3.397506051963739	1.7469287785845826	1.7469284982372515	1.0959685789351514	3.397506051963739	0.09	1.8	1.8	0.2	0.2	1.8752507613188503
7.7559477146844396	3.58731974167178e-12	3.4101321172148538	2.022298276313888e-12	3.410130528474045	1.2256309851888897e-12	2.223114095733454	4.977628116205543e-13	0	1.1227870643699427	8.276496375966529	-3.564293920870116	1.8296030750299999	1.8296028563837714	1.122772362401417	3.564293920870116	0.1	1.8	1.8	0.2	0.2	1.7665093782759966
2.903000229962409	5.377477996500916e-12	0.010255564432854655	4.259973455405228e-14	0.010255601407497353	4.4548398330369035e-14	0.00010759220484174132	1.7075985101604458e-16	0	1.055780000809451	4.295222139899231	-3.6389060989237105	1.933201233805409	1.9331805093294792	1.0569094575565203	3.6389060989237105	0.0014999999999999907	2.2	2.2	0.2	0.2	3.4266076330964865
2.891819279376582	8.408599941985195e-10	0.012908663552722521	4.846750627671148e-12	0.012908714706610253	4.844108853409186e-12	0.0001871892651310807	5.021219975671643e-14	0	1.0577667187115105	4.458904924892343	-3.645219065090169	1.93611747980235	1.9361005160036582	1.0584092024178842	3.645219065090169	0.0019999999999999944	2.2	2.2	0.2	0.2	3.414200799486534
3.1962473048208455	6.156929122914368e-12	0.029872964769017924	1.3182904745497042e-13	0.029873041924501145	1.2909688742068497e-13	0.0008021362330156732	1.235730531154937e-15	0	1.063662712967501	4.887412283066236	-3.6714666130246987	1.9483209996846145	1.9483126203071253	1.0637877413964505	3.6714666130246987	0.003999999999999995	2.2	2.2	0.2	0.2	3.365029087213313
3.5729430053950093	8.45607260482301e-14	0.0544474002991012	4.885679011727013e-15	0.054447458255245024	1.78860815615072e-14	0.0019973440606333237	4.123108293777125e-17	0	1.0687537056297014	5.15140304225975	-3.6985964437747563	1.96100711835346	1.9610008584551044	1.06876248119164	3.6985964437747563	0.0059999999999999915	2.2	2.2	0.2	0.2	3.3165857883409826
3.9162230564738243	7.130284072367049e-12	0.08438215381484915	3.205626358240312e-13	0.08438219376943545	2.9538879566709056e-13	0.0038850498945948164	1.2738393512377796e-14	0	1.0736271864623652	5.345399680506739	-3.7262117651344084	1.9739625262495157	1.9739571632961612	1.0735875064184113	3.7262117651344084	0.007999999999999998	2.2	2.2	0.2	0.2	3.268869755322983
4.215916651457536	8.526337386470397e-14	0.11831419220827195	1.0024040892287781e-14	0.11831422257012147	4.575677640433121e-15	0.006550428634009158	7.714787328575361e-17	0	1.0784053813967946	5.503485568727572	-3.7541877118608884	1.9871197646950223	1.9871149356084268	1.0783409713637484	3.7541877118608884	0.009999999999999997	2.2	2.2	0.2	0.2	3.221879386647624
4.812009611212663	1.3077495191001943e-14	0.215981106598769	2.9017309077584353e-15	0.21598113613683448	1.4651207591802344e-15	0.017068549228502677	1.7990647900895808e-16	0	1.0901804532469321	5.823589691016169	-3.8254444277036126	2.0207517137371305	2.0207477277301362	1.0900920087811383	3.8254444277036126	0.015000000000000005	2.2	2.2	0.20000000000000004	0.20000000000000004	3.1075637029740606
5.259387577273994	5.8995867724672595e-12	0.3273957847121751	4.717344943331718e-13	0.32739581953760233	2.761209555208884e-13	0.033846064348728506	2.748364405105005e-14	0	1.1018815822799013	6.0950404255929	-3.8984292669874665	2.055349308988645	2.0553459181404397	1.101788488776406	3.8984292669874665	0.019999999999999993	2.2	2.2	0.2	0.2	2.997725422294234
5.89757193420426	9.006637959446604e-13	0.5801217023690345	1.3091897964726888e-13	0.5801216978884495	1.4313274487451954e-13	0.0896096629188152	2.5766151426363838e-14	0	1.12535329336236	6.588518063751409	-4.049485388382954	2.1273556986085804	2.127353189155577	1.1252663615639873	4.049485388382954	0.02999999999999999	2.2	2.2	0.2	0.2	2.7912242752478287
6.330558741296292	3.1655117484739474e-13	0.8625242649654927	9.456184027336879e-14	0.862524116102137	4.584829780436769e-14	0.1804460165464476	1.3824647094159294e-14	0	1.1490856462233032	7.066587718180791	-4.20755910597858	2.2031909057855916	2.2031890257343627	1.1490095477705031	4.20755910597858	0.039999999999999994	2.2	2.2	0.2	0.2	2.601717865394446
6.632374212557892	1.3744194808325882e-12	1.1667129518390453	1.4273045304247298e-12	1.166712548889893	1.400804272917141e-13	0.31291376477767713	1.4372467367629742e-13	0	1.173159755288088	7.551882554044779	-4.373106589942129	2.283052827175595	2.2830514070417083	1.1730943610203983	4.373106589942129	0.049999999999999996	2.2	2.2	0.2	0.2	2.4283509581069276
6.840150821039412	6.499231770046915e-12	1.4872588511393938	2.3420277697731602e-12	1.487258103412145	1.3888074142401187e-13	0.4938842089825451	4.659806309311955e-14	0	1.1976093659889302	8.05414159470773	-4.546674901233517	2.3671932014228236	2.3671921206639683	1.1975534724023016	4.546674901233517	0.059999999999999984	2.2	2.2	0.2	0.2	2.2701245741966263
6.9772537774177215	2.807367507186966e-12	1.820422872464002	1.0071228834514706e-12	1.8204217205065059	4.210758910887491e-13	0.7308463051687758	7.59816100462185e-14	0	1.2224490894133022	8.578732446887347	-4.728867375697038	2.455896023129291	2.455895194942563	1.2224013303894505	4.728867375697038	0.07000000000000002	2.2	2.2	0.2	0.2	2.1259504410758425
7.0605708155711255	1.6671737899674486e-11	2.163840669375769	1.2948536875227281e-11	2.1638390895955304	8.35479189982209e-12	1.032182239518241	5.006587825127492e-12	0	1.247683888561041	9.129118433796382	-4.920329833500839	2.549468456826988	2.5494678175594405	1.2476429968103235	4.920329833500839	0.08000000000000002	2.2	2.2	0.2	0.2	1.994700908962646
7.103143096653981	3.8104389328329917e-13	2.5162637430029857	2.317287504562468e-13	2.5162617463479937	3.021906630527122e-13	1.4073944112198884	6.273623178526914e-14	0	1.273313211932641	9.707778520175516	-5.121742238573736	2.648235727284651	2.6482352302601244	1.2732780879549082	5.121742238573736	0.09	2.2	2.2	0.2	0.2	1.8752507613188503
7.115259620917457	1.0655684839290234e-13	2.8772988956446914	4.483620957800876e-14	2.8772965220314695	3.1880436979822385e-16	1.8672728824877518	5.541764193988993e-14	0	1.2993331371038155	10.316612424926676	-5.333811769924065	2.752537189975353	2.752536800685272	1.299302853511161	5.333811769924065	0.1	2.2	2.2	0.2	0.2	1.7665093782759966
2.6492873594552777	7.475777275686473e-11	0.006308420193099634	2.8787304986936363e-13	0.006308624450252401	2.971263678013743e-13	9.254326811295046e-05	2.4960298629873698e-15	0	1.2396094120896897	5.7217270957255035	-5.4498203645381205	2.927820954809908	2.9277668885521178	1.240862760415024	5.4498203645381205	0.0014999999999999907	2.6	2.6	0.2	0.2	3.4266076330964865
2.6455441529102104	1.5827142066074077e-13	0.008087130189819703	1.1381109943507561e-15	0.00808738144693092	2.911479312888609e-15	0.00016320233337252724	2.6895083166401058e-17	0	1.2416838272535808	6.00128824571819	-5.459079718311576	2.9319180149697175	2.9318875285420996	1.2423121380770985	5.459079718311576	0.0019999999999999944	2.6	2.6	0.2	0.2	3.414200799486534
2.860925608746021	6.937317222734775e-12	0.02061461441079724	8.113160227613546e-14	0.020614832297049825	3.271584497322361e-14	0.0006975073993554744	5.492790136654048e-16	0	1.247407827981261	6.62358335676842	-5.496935335103967	2.948818921012098	2.948806348488343	1.2474603895767145	5.496935335103967	0.003999999999999995	2.6	2.6	0.2	0.2	3.365029087213313
3.156095681063944	2.0504289624214936e-13	0.039894119422932174	8.282858341735376e-15	0.03989425778918831	1.6386307871715473e-14	0.0017256975909395928	6.98710248051911e-16	0	1.2523487449754491	6.962836198722637	-5.535551658184395	2.9661843659694567	2.9661749917681037	1.2522683776856223	5.535551658184395	0.0059999999999999915	2.6	2.6	0.2	0.2	3.3165857883409826
3.440952866856587	5.782238885229971e-14	0.06399325809844082	5.711170273783211e-15	0.06399334186827697	1.7097484338752383e-15	0.003348102310185171	2.6219965464199107e-16	0	1.2571068582776965	7.2006851317286475	-5.574586770496355	2.983820662237308	2.983812592216993	1.256971195543925	5.574586770496355	0.007999999999999998	2.6	2.6	0.2	0.2	3.268869755322983
3.6983526748235014	8.010588625899048e-13	0.09173725247742137	4.249739332166056e-14	0.09173730890939577	6.335019592684536e-13	0.005642142945752041	2.828797914815896e-14	0	1.2617899359076958	7.389880213233142	-5.613935881572012	3.0016679294199005	3.00166063651881	1.2616270651138557	5.613935881572012	0.009999999999999997	2.6	2.6	0.2	0.2	3.221879386647624
4.228472796542986	2.0188624434754105e-13	0.17292015025648516	1.467795393194633e-14	0.17292019057411193	5.978371588727613e-15	0.014723951408762516	2.485796181632998e-16	0	1.2733704800485919	7.76482769893555	-5.713469342412963	3.0470774405248218	3.047071390863162	1.2731850114095717	5.713469342412963	0.015000000000000005	2.6	2.6	0.20000000000000004	0.20000000000000004	3.1075637029740606
4.639861900804396	3.446250253619152e-12	0.26685496381849244	3.4728872882335627e-13	0.2668550099532112	1.0622849902340188e-13	0.029260237047650697	3.63906440221787e-15	0	1.2849028522574757	8.077321210752668	-5.814551437627648	3.0935313629049643	3.093526203327278	1.2847180389802202	5.814551437627648	0.019999999999999993	2.6	2.6	0.2	0.2	2.997725422294234
5.248394919865885	3.4466498242563607e-13	0.4827722104214419	5.095850646916529e-14	0.4827722126549813	3.715246469469158e-14	0.07775022914570631	7.803272277013158e-15	0	1.3080505785830083	8.63758378205748	-6.021396668112956	3.1894792801848126	3.189475442699806	1.3078846778593949	6.021396668112956	0.02999999999999999	2.6	2.6	0.2	0.2	2.7912242752478287
5.682289372652116	6.96431883355857e-13	0.727072079300723	1.0531476835579865e-13	0.7270719156339704	3.078182446223112e-14	0.1569858487675199	8.898715585053697e-15	0	1.3314415271935793	9.173596870030568	-6.234878141191505	3.2895441262518803	3.2895412341851493	1.3312984848645573	6.234878141191505	0.039999999999999994	2.6	2.6	0.2	0.2	2.601717865394446
6.002867616743893	1.5178491111451696e-12	0.992792820899538	2.4831047795267007e-13	0.9927923586921436	5.483780888590107e-13	0.27278310934972333	1.2020161442756095e-13	0	1.355140737826322	9.712448605723004	-6.455596032822023	3.393908255664133	3.3939060567349886	1.3550187885274652	6.455596032822023	0.049999999999999996	2.6	2.6	0.2	0.2	2.4283509581069276
6.240515719410828	1.185609854462795e-12	1.27499706638879	3.4467913441324994e-13	1.2749961872309619	1.8613192601891093e-13	0.4311856560809453	7.067541702098118e-14	0	1.3791757883377411	10.265458563947504	-6.684205216939199	3.5028138003841764	3.5028121156020138	1.3790720887545334	6.684205216939199	0.059999999999999984	2.6	2.6	0.2	0.2	2.2701245741966263
6.413973847043507	8.071028619101357e-13	1.5700629422503183	7.797691600520822e-13	1.5700615554291228	6.834562441164253e-14	0.6387002732773875	2.484298588306145e-14	0	1.4035589283415137	10.838693064954796	-6.921392716493734	3.6165398269490665	3.6165385272523545	1.4034706498983809	6.921392716493734	0.07000000000000002	2.6	2.6	0.2	0.2	2.1259504410758425
6.536730297476268	7.05056644069429e-12	1.8754599494155606	1.9931461674271644e-12	1.8754580002047034	6.070449720714286e-13	0.902521470884345	7.188385411340048e-13	0	1.4282945695708478	11.435968163152802	-7.167872302770141	3.735391517888099	3.735390508523345	1.4282192031743004	7.167872302770141	0.08000000000000002	2.6	2.6	0.2	0.2	1.994700908962646
6.619367782756042	3.656882752715948e-13	2.189596341900878	1.961846124301707e-13	2.1895938146399585	2.0474927897996312e-14	1.2307312751114015	1.7986715492568803e-14	0	1.4533825953197173	12.059959922065861	-7.424380566028153	3.85969451474895	3.8596937254509895	1.453318009282531	7.424380566028153	0.09	2.6	2.6	0.2	0.2	1.8752507613188503
6.670490940725045	2.1259473742472357e-12	2.511655325666732	8.215677994102974e-13	2.5116522419192306	2.663714791467365e-13	1.6324601354026478	1.9818961193507456e-14	0	1.4788200895712336	12.712689372737335	-7.691674564193349	3.9897891797118876	3.9897885580986308	1.4787645073345985	7.691674564193349	0.1	2.6	2.6	0.2	0.2	1.7665093782759966